.4625571223
.2594253761
.7646507390
.7695843964
.3967825269
.4724295304
.07291052138
3.597112628
5.368593521
.5263038847
.02075610817
2.152816965
.1847087484
.6830392483
.05169054012
.2024916329
.2529704297
.07758385738
.1192960916
.1574250844
.2715965560
.1179811287
.04082086957
.06628362777
.03272575374
.2087532433
.03200235796
.3151899542
.08320982853
.08615840753
.01593137642
.01569465005
.009540271112
.01108733108
.02503594168
.004926183418
.1836845088
.01149237628
.004443293517
.04073008059
.02996248189
.01188559170
.1857211254
.09051283054
.02545124267
.03354061169
.02791224975
.001041570012
.1306858958
.05999309577
.04920949762
.009864618896
.06097206465
.1071033431
.01821737998
.01247989959
.01704580920
.02256893634
.005429758602
.002310780015
.007692151749
.006945483437
.02883753732
.01066223453
.01517633820
.009970282593
.005038950487
.01088291069
.01741402936
.02922416032
.03806738573
.01608026939
.004996936892
.009653121765
.04407263233
.1233467710
.009437473468
.03907952116
.09981013068
.002367699519
.006408888019
.04807639329
.03025920341
.02083163092
.01233898327
.006652874210
.01857813918
.01963382720
.03689719056
8.642324221e-4
.01370661013
.01142086120
.02636459431
.01033972621
.02125035461
.003924707194
.01144720540
.005848516040
.01644822309
.003612643286
.07929664301
.009625812044
8.041079273e-4
.007361047355
.006317180007
.01197964857
.01700518600
.01095613776
.1036526301
.005938234026
.005220714181
.004585308151
.007936281397
.04858741913
.01391402886
.03538717252
.01083637600
.007617094589
.009569606872
.04093857473
.01332966997
.003300616285
.04671394629
.006022878095
.02821539262
.03825701293
.01435967072
.01251474674
.01102730063
.003011295212
.005734142284
.006309210241
.01679788792
.006252890827
.01300653223
.003707101604
.1279633822
1.658706560e-5
.006401654193
.01516175752
8.024182094e-4
.03653615562
.002828229795
.01514915453
.002459584093
.04089294198
.002608334073
.03832883798
.02355833185
.001077748338
.02221589579
.01617414706
.06442809811
.01920093926
.005745765104
.02791129108
.003894941477
.04038319812
.008184280859
.03535527266
.01487453318
.005253404888
.01460411082
.007449459356
.01456481487
.009338721884
.02297526608
5.943536414e-4
.008856472925
.02506323285
.01854561466
.008983067485
4.758647107e-4
5.237965317e-4
.02932495965
.09117312940
.004728374060
.03097179974
.001810628669
.01306020029
.02797226535
.003459980304
.008624205552
.002943890996
.005146308134
.03064959652
.01520178558
.01572119028
.001423661884
.01142160099
.02228845246
.01374500349
2.953615432e-4
.006659031338
.006214601445
.01045857310
.001926405712
.01636562918
.06238227466
.02002302761
.005689653839
.01248459948
.01620897522
.006357560529
.001676526080
.01557095837
.02296039842
.002243144706
.01156023206
.004021595593
.01514195116
.03559249333
.02878157518
.006092390742
.03823892501
.003245019479
.003127030275
.01760179694
.003092006683
.09039952104
.04118571952
.004067089532
.003666227882
.01887595602
.003421238823
.01981450608
.001682709728
.01427625595
.01417143521
.007612602957
.002795480042
.009998758869
.03256738455
.007184394516
.008421785725
.03141109562
.006443590899
.009392134636
.003778989864
.02614236394
.002708412489
.03407824663
.005640426347
.01142092278
.01293889338
.04315365048
.05530918059
.007497224995
.02574195343
.008206504238
.002941473555
.02074437266
.01641006370
.01798528755
.03993755994
.002048300346
.003022228686
.02384903595
.007466280640
.04045683801
.002757376918
.09729755955
.01924161462
.009651894641
.01044689467
.03595226583
.001716605747
.001775065145
.002132419367
.009813996736
.03564716297
.01993770136
.005670514970
.01348444302
.05497896873
.04593838327
.003548628325
.02921127492
9.731297094e-4
.04012934907
.005090055219
.09805388549
.03885447134
.005061240835
.04107291080
5.467682260e-4
.003731675641
.008318769986
.01443563544
.004580202678
.03037354833
.04804015171
.05322298515
.009252181029
.01915046756
.001391718083
.06872339035
.01422390283
.03639612965
.04755770247
.01352263965
.02418593780
.03516508174
4.808186012e-4
.01783015586
.007840983006
.02509523864
.01709329016
.05992842403
.003541458780
.02487552222
7.882960914e-4
.01395785546
.006386709394
.02805932038
.002171664136
.005599042003
.007858628759
.02452357662
.01289835535
.02457621951
.01196096681
.04184835743
.04011420036
.03440506542
.02082985155
.005925119506
.04445773621
.06560569893
.002185029961
.01372514094
.002709146668
.01282401803
.01189128962
.02035163127
.006481938774
.02311538827
.007665954732
.01434505745
.005383516262
.01240971188
.04592469925
.05099837052
.02777892352
.007718812238
.08447707094
.02028788441
.004146447932
.07704521237
.001890888750
.02246294232
.02449154251
.001325365863
.08617911686
.01958838508
.1689614772
.008114064926
.01316457178
.09290254699
.002467263574
.05235596397
.009721505602
.002404930743
.1285255098
.05912110552
.02422659079
.008194715547
.04773574185
.03472715198
.02501109021
.02173888974
.01988418859
.02444037070
.008665202256
.008660843171
.009119400078
.01826235508
.1451486973
.03535586116
.06917961284
.02618287377
.1327079112
.06061502630
.02261867896
.001435253040
.07237192516
.03246737332
.01176268449
.01261537422
.03080381961
.1664448105
.07061972749
.08652470205
.05205903988
.02059817526
.03957615242
.001730301275
.01091683598
.02234143288
.08364860162
.006964044377
.002208610253
.05341495245
.02172821268
.01665862503
.01674289855
.007441262888
.005448353184
7.199585447e-4
.01839752406
3.253208247e-4
.001955478417
.004319850656
.02039467079
.05104210186
.2388046041
.003722125998
.02778756475
.01497644423
.01938389925
.02124596175
.03069470745
.003630136582
.02097516279
.05056418920
.001460480813
.01448843199
.003403483671
.02120872452
.01731587949
.02774975993
.04648333959
.009164434766
.02017550331
.01153248113
.006011179025
.007332251865
.06506096622
.01459597510
.001947010319
.05224964720
.09151199923
.01404560117
.02149158080
.04753900715
.008387519055
.02458106738
.01163156436
.01005448186
.01087545312
.04471130743
.05477293444
.03144192557
.02113159718
.009235584360
.005310845258
7.083131887e-4
.02209872679
.03619745184
.006931152940
.004265570603
.003640526250
.003064802883
.008183869255
.03518540413
.01339996298
.08389141684
.03123140080
.07662815716
.05586587159
.06467569594
8.139168854e-4
.01246669992
.02896829604
.05714431618
.005260537403
.005232738158
.03067274570
.02232330670
.004905175022
.01082411743
.005224523862
.1165014326
1.506750264e-4
.01144609324
.01296161543
7.158655575e-6
.02512212385
.01062896894
.002649054755
.008977547605
.02684446869
.02422733452
7.869073113e-4
.04600246029
.07335135419
.008234718280
.01663807673
.02196682896
.005677337645
.007750959157
.09978597642
.005232833081
.05871155297
.05859480386
.02337655308
.01187431423
.001426328047
6.113211704e-4
.02092081239
.01009766075
2.073295556e-4
.003211287372
.004951128532
.006633073714
.01797414052
6.984914868e-4
.04301592854
.02210511020
.005349031971
2.489319677e-4
.008289736802
.007273533166
.009780885313
.02594542717
.008855730756
.003460805517
.001635804031
.1149376710
.007348509342
.02868864530
.03924931107
.07514433458
.004659406637
.003406243762
.002528178677
.01181631276
.005612818161
.01665748455
.004391721392
.04997276099
.008039996590
.001944694070
1.283961892e-4
.02346385634
.006550463398
7.222461900e-5
3.637714399e-4
.01692561107
.004947842514
.003833679792
.01678928611
.02501695417
.004279852718
.01392450296
.002825755411
.01079842969
.001698257578
9.163794987e-4
.002061033661
.001801210337
9.253995576e-4
.006582578880
.02409412335
.02003138393
.008671682886
.003955005295
.005213163480
.007876361435
.004068532942
.003185540432
.008444918858
.001295028710
.01429819355
.01612321512
.01229625316
.01822657781
.002180257924
.008290106039
.007967242475
.009155063497
.02426987791
.007791212533
.01376602677
.003032201078
.05776505580
.04566450401
.02384978463
.03934175622
.001902594031
.02570447049
5.858027862e-5
.007008900303
.001961805254
.003287993113
.03046223518
3.949262820e-4
.01259618385
.004003096825
.004660390784
.001711000569
.003503305057
.001163984016
.002123063007
.03806748850
6.599857728e-4
.001685299884
.01377336449
.005804119716
.003690576141
4.042876821e-4
.003742949123
.001004445784
.008270068162
.02001276943
.02628378389
.003170526863
.001359681919
.008806138870
.007271965813
.006672220083
.001748181385
.01435969859
.002581360440
.009196263990
.01261920169
.003262295875
.007461144209
5.957242986e-4
.002497388139
.03601706446
9.455922141e-4
.01107470950
7.529236923e-4
.01253485488
.001354144944
.01576883203
.004056536223
.03340765101
.003855623195
.003924424490
.002910286856
.004749917292
2.551239825e-4
.007226690358
.01363001309
.006406893511
.003369592978
.008708756385
.005734790614
.003724348038
.02160538989
.04755114173
.005370994632
.001037842656
.01089594199
.008666697764
.02436154715
.05043663262
4.796859212e-4
.01375473051
.04415769395
.005170907237
.01008584663
.004839963833
.02268890222
.009133449997
.02059407229
.001744873394
.003712552577
.009702304698
.008363723219
.003267907579
.004186028658
.03240982210
.001127375390
.004695459261
.001757400176
.02231382084
.007117602804
.02100769510
.004913061596
.01360776579
.01714258007
7.679018532e-4
.001212745495
.009014202595
.01382602743
8.135736808e-5
.004308981788
.007743715797
.01828329880
.009803227840
.006889312020
6.686984095e-4
6.941738614e-4
.004327960753
.003000952584
.008989942300
.005857400745
1.135502096e-4
.01580492868
2.914369263e-4
.003198831997
8.231321581e-4
.001155668599
.01503947147
8.423249807e-4
.002219053744
.004591040009
.01079627611
.005265926090
.002500755947
.004176448879
1.788316037e-4
.006218346224
.01626921788
.001216676022
.001556256694
.002566972021
.004391242406
.01676511350
.006866446320
.004034039541
.005723804363
.005921455508
.002881898801
.001400951246
.008264031363
.007392884805
.02259609590
.01652982160
.01036656466
.06633860922
.004117588966
2.482416221e-4
.005821408923
.002825932319
.02272429886
.01964766359
.002218721643
.02838194095
.007537142186
.009256272205
.01447487108
.007429304784
.02430673704
.006288054878
.001728618215
.001165082223
.003979257656
.005196710247
.01104818277
.009226243187
.009661440901
.002654341206
.02625591248
.001826920774
8.312769376e-4
8.618627999e-4
.009176805955
.007629125059
.03476507664
.009268081789
.007698634813
.04800568238
.006166874179
.01389564497
.007378878695
8.371821834e-4
.03799730406
.007748693847
.01467101749
.01011862214
.004490039390
.003235816966
.002921737616
.002037803394
.001427923787
.001406164943
.007090483940
.003387777468
3.798139445e-4
.001836614500
.004964754729
.001636612900
.002855071009
.003058302583
.006185781041
.002742581885
.002770643816
.01267745400
.001182744843
.004117790142
.002786000837
.01869052654
1.429713425e-4
5.462265585e-6
.006967267768
.006054034494
.01908009718
.01063598513
.02903451488
.01175818605
.01396710502
.009661432135
.02172779293
.006123648717
.01237200181
.01174429047
.03116601924
.002902833068
.008005619104
.006505707696
.01314057346
.003056004727
.02488770689
.007114654801
.002496264552
.01480673013
.04604473102
.002707775132
.004149657922
.007092369156
.01089303011
.01516329093
.01775750045
.01551258619
.002261120196
.004819625067
.01626772258
.002677867120
.01660857037
.01194802945
.05037089099
.005470894330
6.529262166e-4
.02121948671
.01096387176
.003938776903
.01507818789
.01336141766
.01724776866
.008794998331
.01165732405
.003969488720
.01282468584
.001859408612
.002793702150
.001085831829
.002154952841
.01256873320
.001398931884
.03834985856
.02213312907
8.194303082e-4
.009361694559
2.828950105e-10
2.626196207e-4
.002554589388
.01500639415
.002755738491
.003682161247
.01483727330
.01939509518
.01470121520
.004700474213
.01790409401
.006985973224
.03919370348
.009992696953
.01031499988
.005012241486
.02092375758
.01723341192
7.209133935e-4
.03283213906
.002410168893
3.282698297e-4
6.775088090e-4
9.066914417e-4
.008183404995
.003605473872
.01502257276
.002556934980
.003230015669
.008185972044
.01868841748
.003504619659
.01091806809
2.509925741e-4
.01681307891
.006484252237
.008438298507
.003209499680
.007696855066
.001587488851
.002100235754
.006092248184
.01419947001
.004364592103
.005040585027
.01505098955
.02515458276
.006226143197
.002088537842
.002317632612
.002741156850
.001751682339
.004551660666
.004523237872
.002499005870
4.113885251e-4
.005324013307
.004974791467
.002611603138
.01350632381
.009929992556
.002359181888
2.876260930e-5
.002612933679
.002878384941
8.337759397e-5
4.530714118e-4
.009513718419
.003900464610
.01018470636
3.799106472e-4
.001034392244
.007272956307
.004668750809
.01509272737
.05772751931
.001494780323
.009229773662
.004451223805
.003620307957
.005555575935
.01209482413
.005090550285
.006093994628
.006023084685
3.008859816e-4
.05617804049
.006455058110
.02193466805
.01057821790
.002268487939
.001429522315
.001914150411
.006978922038
.002962790698
.01030450788
.002167586079
.006889559641
.001035422416
.003352398840
.003452460432
.01088831179
.002761295586
.01582191460
.01398113469
.008486385188
.01116642198
.007908661832
.002196671107
5.035605456e-5
1.062954558e-5
.001577779942
.001134370156
5.084351335e-4
.002470882853
5.885822771e-4
.005172467013
.005795530329
.01260762090
.01009638801
.006601768820
.01846105455
.009233869340
.008186626936
8.994811526e-4
.003359482203
.001459500823
.01213888213
.002166542189
.01317568786
.004109544357
9.668013543e-4
.002221001735
.006232524531
.002859878523
.006064771459
.01268702608
.001501338871
2.504944539e-4
.01261870455
5.817558783e-5
.01711491617
.003916172697
.002719617644
.02118997698
.003836391908
.01096728046
.01216670770
.02264152626
5.638070034e-5
.005347757263
.007283600518
.005849515303
.007017760535
.01599928944
.006363213304
.004559460264
.01962896217
.01212361310
.02921577216
9.313532459e-4
.01091807067
.01254791428
.008739910614
.002688365438
.008430546530
.003511092315
.002141411125
.007376658679
.005863324264
3.160267554e-4
.004490814160
8.777978269e-4
.01387996690
.009169602132
.005068297389
.01006312177
6.116453186e-4
.008109447823
.02290863731
.001656977066
.01296193979
.002174651463
.001360319717
.001904604058
.005842159339
2.550502869e-4
.03373672553
.001742395155
.006539929596
.001527970363
9.641329132e-4
1.837013936e-4
5.165484650e-4
.005851840855
.007641391136
.006365118743
.004854883230
.001501538090
.001947255551
.007836977895
1.053160117e-5
.002024813900
.01306974787
5.008124990e-4
.008141848056
.01207598514
.001936712564
.005255706003
.005887607572
.002583435056
.004180915294
.001402992155
.003481680102
.002203265136
.01508647867
.005395144290
.02179879143
.01486910225
.01524247306
.004324536193
1.958467100e-5
.001596311012
.01335197730
2.557279587e-4
.005139644401
8.240877598e-4
.01360467052
.007598582643
.003467976393
.003375122729
6.305458521e-4
.009345782606
.007729698841
.001005161031
.009033145233
.01020047122
.005486548890
9.141118621e-5
.005106531305
.002158923595
9.595240353e-5
8.913717296e-4
.003458590688
.003550111563
.003677977872
.001244835237
5.171606802e-4
.001957047833
.008188905175
.004140921860
7.209807125e-4
.006109495074
.007060500684
3.460146801e-4
7.221838874e-4
.03057858462
.01583041295
.001782902044
.001438484439
.003247726644
.001488519684
.01937827250
.01763783291
.001552905685
.01454491490
.008329935140
.01100216536
.009704530247
.005134483836
.004144654597
5.970234289e-4
.002525624789
.004729211473
.003855150812
.004936551356
.006831173647
.01167296050
.01754354596
.004751105308
.001559091270
.01853191537
.001520220095
.004734758495
.001743652113
.002898112016
.008071193884
5.234426861e-4
.001789654184
.002951018077
.006953183523
.001178216922
.002069077901
.02314049287
1.452980920e-5
.03713396865
.001033276986
.003328764766
.004889269845
.008771081158
.001813542493
.001110780389
.007609880704
.01262059919
.005168600982
.02731313759
.02376698469
.004437064842
.004406871215
.004691808351
.01069506261
.007816892907
.001750555162
.001148274766
.01322665465
.001558254761
.002111017893
.005600014272
.01069476896
.004747652813
.02451956712
.02503311362
.01334463870
.002930174654
.006063644844
.002703713256
3.044106136e-4
.001971462406
.004424984055
9.284086929e-4
.005351871578
2.416271936e-4
.001426233598
8.685676717e-4
.002541305102
.003298015687
.004415177806
.007588118339
.009151871634
.006641843502
4.729409327e-4
.003490652887
.002710739453
.005864481427
.02286823954
.007730803638
8.361330713e-7
.002998665110
.004799780429
.009747695104
.001514488342
6.224484923e-4
7.074816731e-5
2.358012447e-5
.008764498620
.003601503662
.01154650474
.003121973522
.001119957663
1.899064120e-4
.002036313283
1.142787393e-4
.004372891485
7.840971044e-4
.001090194670
.01544470403
.001918435261
.02020731870
8.960845266e-4
.009405427295
.004859766721
.004090863661
.02418322225
.003273214740
.001851901072
8.969573545e-4
.002187866105
4.228735315e-4
.005552542345
.01347921077
9.800992232e-4
.01571542367
.004019666422
1.551912967e-4
.005697516065
.002893772440
.01116690034
.002161756666
.004341242479
.004934714671
.005657581966
.003869227816
.002109392616
6.701330052e-4
.007753054926
.01942411392
.01056551158
.01315111240
.001182579358
.02261351528
.001594146822
.004555388941
.001527618108
.008529984341
.004273794936
.05303062198
.001716700098
2.173775807e-4
.001805778253
.002046877294
6.391029157e-4
2.865975074e-5
.02234839909
.01651546076
.001479346034
.001830863148
4.314377579e-4
.002520205059
.03778080319
.03389289716
.004305369626
.007790868851
.001530633025
.003317099789
5.975351670e-4
2.924412405e-4
.001669281937
5.159787622e-4
.003065430892
9.344300527e-4
.01070881511
.004267372027
.005379220986
.008208682034
.02047005867
.01281856615
.007854619711
.01181565754
.002444724907
3.996682925e-4
.002005348766
.006837656815
.01718730467
1.231752994e-7
.01552017122
6.199618843e-4
.002591212458
.01347454334
.006661958886
.01037224013
.03283906530
2.252183556e-4
6.419337843e-4
.01051046519
.01309460611
6.546189486e-5
.001386603285
.02496280172
.002225876681
2.803026234e-4
.001901596068
.009710837308
.001169975914
.003503118293
.003560879341
.003517338169
.005039352382
.02604592362
.008700044526
.002281353249
.007962934213
.002714126366
.008979608925
.003493302027
.02217402510
.009183975804
8.602079637e-4
.006189226358
.004438451753
.01230024296
4.296456352e-6
.004096570805
.002055060904
.001587775314
5.363428935e-4
.003553661354
.001233526965
.007211832617
.001798438464
3.863344872e-5
3.654402020e-4
.002899763258
.04195855281
.002688571744
.006692868784
.01150021915
.006579920720
.005449913465
.004895107420
.006696034494
.001635353940
.009348957482
.01144182565
5.658392032e-4
.002201099367
.001792474731
.001051272831
.007952105131
.006165124405
.004659607318
.005233287370
.01382013454
.001481997220
.008915571229
.03888663594
.003404712171
.001789149238
.02159415960
.006529120341
.006456938114
.002652746596
.009685010087
.008802149047
.002973428005
.01173285613
.02339545002
.008244955813
.008620468215
.005743547614
1.466692272e-5
.01684886601
3.958851271e-4
3.282216345e-6
.006623318163
.003397276784
.002772410290
.001493425341
.01038082500
7.754052897e-4
.002336980375
.006033101824
.008991652783
.009350329465
.02733179801
.001656852022
.01119669580
5.349654974e-4
.005669522625
.006253868192
9.954654762e-4
.008781416355
.006449901696
.002232123614
.009779718022
2.592331719e-4
.002595667806
.008594175449
7.220525449e-4
.002340190125
.01819533375
.02102763317
.007770641349
7.290939419e-4
.002012825364
.004424104180
.01762045307
.004821795039
5.380337915e-4
.002644421931
.009698860243
9.407794176e-4
.003110633136
.005373708867
.005784246734
.007059827466
.009172432864
.002789445907
7.665236809e-4
.001760329450
.002620438043
.007674040516
.005291780024
.01071924503
.002216935880
.02375425829
.005874989590
.01275285357
1.975638686e-4
.003429352539
5.063022685e-4
5.145846662e-4
2.168021990e-4
3.078251044e-4
.01228774019
.01137634656
.009162857143
.007987243749
.001907141821
.001612843800
1.944374579e-4
.002153994838
.003220264954
.01018043485
.009746930404
.001786479221
.002342487138
1.573044577e-4
.004297321934
.01278256499
.004160943413
.001785810453
6.830499537e-6
.01215675473
.005843738732
5.076689473e-4
1.046033570e-8
6.530174468e-7
.004985875598
.002563157570
.006365942517
.001894288457
4.913903602e-4
3.105444223e-4
.003678375627
.01164893708
.001188261632
.001368474237
.007844410279
.004144098216
.001900072844
3.191560748e-4
.007071516607
.003616075810
.006471073359
.003579089474
.003678478378
7.366413351e-4
.003805686249
9.430535911e-4
.002998505107
.003773445634
.001329728823
.01242739972
4.861531047e-4
8.280540319e-4
.007004581092
.001215073498
.01274678164
.01053142146
.005667043614
.01271353297
.002884118284
.01312327185
1.805823799e-7
.009380630480
.005229765801
3.563177213e-4
.03412257115
.003290006221
.005575386081
.002242273242
4.234265062e-4
.02538563932
.001717486049
.007348149818
.003106931582
.001414175417
.004813372182
.006379927225
.01484334078
.009772123435
.004517229325
4.800050058e-4
.01141390044
9.842470359e-4
.003837033774
.007922681519
8.147541842e-4
.001785773163
.005780583526
8.643383374e-4
.007246678517
3.759478055e-4
.007412679966
.001114368868
.002428403021
3.856604574e-4
.002794527033
.03444692721
.008004248179
7.855982836e-4
.01134329007
.002137913921
.006048887784
.006479742876
1.469309402e-4
.007690374739
.003292359852
9.147179935e-4
.001686063060
.006134419771
.001999658055
.001416157694
.004759085183
.001710566320
.02701809359
.007029216085
.001959855437
.01028904561
.004372212129
.001548667225
.008265037447
.006330329688
.001424369811
.01336656450
.004835018797
.006914368492
.008725651533
.01149803691
4.839854484e-4
.03302620838
.005965134587
.009216414431
.006771016616
1.343458912e-4
8.805870168e-5
.001905361054
.003833400491
.001805489712
.01081225353
.001275111396
8.008685781e-4
.01052301795
.002501669656
.006407472490
.003448617862
9.125279173e-4
.001581691217
.009681713839
.001249750352
.01307365091
.01547571211
.002264715830
.005026635709
.003235774901
6.265606472e-5
.001283704507
5.254762661e-4
5.671479710e-4
.003411754136
.002709301373
7.630073505e-4
.003069864891
.001160050604
.002193770955
.005176760794
.002481056487
.009901920818
2.741210245e-4
.01480574485
.007159637716
.002461497987
.01879836524
.004832915288
.001165768423
9.582558631e-4
.007544949449
.002447025288
.001119229760
.001478406594
.006638981854
.01072974172
.01829432805
.001150448164
.001912999965
.008057773750
.009455097870
.001219968713
9.457679602e-4
.006758313933
2.977587076e-4
2.898495731e-5
.003018740987
.004370548643
1.617184836e-4
1.825099942e-4
4.221749092e-4
.004353023098
.003003838265
.01157219425
.001107743470
.004276245834
.008954987440
.005600112236
.003709489673
.01382966616
.009146313087
.01029235372
.01946539037
.008936179406
.001088654743
.004377785054
6.984665037e-4
.001633531885
.004414248470
.003050057740
.002071852710
.01464306849
.002128757138
.01003273229
.001570569251
.01048078152
.008113486221
.01465496122
1.758656707e-4
.001384263709
5.001950106e-4
.003102953189
.003888887480
.01803702533
.004870149997
1.727680635e-4
8.931145101e-4
.01625394491
.003586613769
.01479546621
8.130128651e-4
.005111298405
.01338234854
.009982173383
.004304831807
.002525444817
.003143612787
.03347306151
.002038313003
1.585177096e-4
.002720622323
.006466623358
5.864807422e-4
.005475043757
.005845358377
.001647559935
.007418891026
.001104620071
.005871666165
.01139600664
.001833792518
.003886567919
9.143727658e-4
.009023592850
.009157254183
.001109598298
.009164708848
.01869680785
.003233282246
.001127277921
.008862308096
.002973897219
.02946148087
4.666711630e-4
.008769917332
4.678079198e-4
.002642058410
.009796698327
.004542326948
.01010037477
2.374125814e-4
8.419377949e-4
.008253483242
.01340871328
.01386392444
.003684369106
.01441029573
.002402097981
7.565410882e-4
.009806905872
.004367162769
.003591931208
.001083168858
.009282654523
.002671722761
.005815120247
8.895228451e-4
.002789905147
7.792720727e-4
5.521527997e-4
.001236901957
.002391196859
2.461602423e-4
.001939900726
.006945009935
.008083673520
.005842144007
.004741166027
.004452299781
.008168882400
.008384602661
.01487954487
9.138447429e-4
.01468375005
.001400174576
.001723400028
.004081466046
.01073471993
.006422420397
.007161588851
.004282792362
.001989674560
.006159215288
.007254170764
.006184763783
2.162674336e-4
.008928515286
.001065827052
.009936977428
.001411047950
.001999201041
.01174239327
.002699716016
.006692244624
.003269426922
.001812478733
3.865998777e-4
.004833408499
.001187324919
.02395002278
.002720553881
.005101713411
.003559476653
.002781389015
.006444937901
.001625154767
.007152604844
.007537038596
4.704016675e-4
.007976056058
.01261711021
.003226835392
.002179526344
.001901066370
.008222456713
9.013709093e-4
.004287152067
.001484946341
.003786422267
.002790306432
.001579423980
.007577888915
.01230159899
.003094400517
.008397036140
2.650849738e-4
.003836651747
.001450280592
2.771882894e-4
6.577266926e-4
.009967589764
.005836015860
.003037874018
.005166525281
.008768495067
.001621074491
.002706681353
.007759351002
7.006880771e-4
4.574775632e-4
.008656966974
.01073381173
.001682364630
.01226438601
.02302717239
.004489905781
.004388518477
3.413482709e-4
.009685203608
3.135093800e-4
.002130239786
.002598444013
.006285830933
4.166040633e-5
5.208074297e-4
.009199152901
5.711268420e-5
.01431801937
.007607186367
.02349282495
.001321060647
.009841041852
.01436120134
.008851123217
.008240986577
.001932593642
.002253433814
.001522476243
.003802227688
.01171892921
.005584266033
5.290244074e-4
.02914656772
.01505113815
.003072759068
.005234505988
.01446096468
.004429953530
.001631272540
.005581889111
.009511290898
.01946429505
.003362000822
.003370598309
.003276577999
.003745391302
.009510104605
.003736657663
.004279096426
9.990901641e-4
9.275608888e-4
6.955920232e-4
.01495184166
.006492622673
.003803386233
.001930239148
.02628869975
4.925766360e-4
.001413609024
.002666504102
.003193852237
.001534785574
6.870266416e-6
.007908532443
.001756684217
.005779867321
.002226089581
.002037577103
2.835433823e-4
1.699949788e-6
.002107598588
2.018359328e-4
.003976486839
.002315872103
7.341124596e-4
.006330866509
2.694365703e-4
.004700772214
.002222478692
.001396233754
.005972668051
.01127924592
.001772856678
.002598122085
1.853142615e-4
.01897299996
.002276667231
.002523780147
.002951329137
.01167371694
.004474190241
.001599811991
.003512299884
.005228167314
.001932522456
.01196119422
.005551482035
.002640221011
.001299954810
.009158499950
.004215795430
.009091849377
.001605469093
.01306254544
.003597970648
.002827460297
.002088852793
.006732379835
.004743719007
.009485940831
.007759829761
3.034432073e-4
.004479299860
.01479850383
.002124543750
4.898160410e-4
3.713609584e-5
.02297203139
.001011253608
.002194942453
.005725789551
.005422062353
.01343631803
.02037207218
.01897587605
.006085787005
.006802003607
.03149461349
.01584862016
.01125702574
.007400498510
.01100720233
.008758416215
2.862796767e-4
.003011728310
.007063561152
3.009112486e-6
.004856063416
.003642083022
3.738826655e-4
.001245830569
.001245490627
.002028961939
.007497911388
.006654629964
.002870774969
.005533833449
.002613482143
.01632023379
.002633045620
.007343350401
.006146667978
.003014092121
.005637389113
2.720713076e-4
.01578288373
.01155536715
.005285709101
.006242162489
.01497238369
.008689960091
1.189916633e-4
.002222757451
7.420963970e-4
.007374176846
.003199062422
.004021308117
.01447802653
.004341464320
.003942076423
6.355561634e-4
.03586799452
.02019485122
.006511094575
.002772856507
.009726853460
.004003058344
.001269569996
3.863479772e-4
.006948388789
.01061009324
7.425330331e-4
6.823678226e-4
2.013605533e-5
8.654135919e-4
.006844078872
.01215037095
.03605773842
.002077239830
.007362769370
.002968978858
.001577121385
.01139601064
.003616532158
.007406170494
.01106177164
.01596621399
.009036025249
.01037934913
.007067021280
.02105757702
.01840027815
.002987018134
.006455880606
.002115495067
.004632941273
.01825436772
7.766897246e-4
.006104998706
.001712770697
.003163084160
3.436811310e-4
7.570768811e-4
.004258880861
.007229281496
.002772954632
1.271092804e-5
.001876784002
.001024085492
2.818096366e-4
.01425505382
8.214774345e-4
.004193568692
.02786968950
.02298381769
.001186904482
3.050361718e-4
.002685503949
.008294010970
.001840652393
.002937328974
.004514685593
.006162020364
5.402323900e-4
6.621983631e-4
.02281215164
1.048279074e-4
.003520357364
.006514189153
.003142252030
.007878734340
.005351325600
.002604796251
.008949219700
.008493077462
.007416011586
.007015443521
2.073604083e-4
.001497024121
.008707764625
.01919506021
.01604671851
.006747527749
.004380088934
.001756642106
.01451125257
.006681626299
.008923654822
.001424826446
.002549997525
.004958270390
1.355897149e-4
.005256770542
.001559247556
.004925582892
.02293021750
.005200947226
.004289271277
.01502600872
.01800711591
.003047971273
.001369634016
.001351012086
.004508146592
.01444802619
5.733458645e-4
.01257998271
.006265335418
.006218558543
.01490963112
.01063076758
.009205912019
.01683244292
.003511011634
.005751378961
8.975505929e-4
.008267276198
2.672862761e-4
.01256946985
.004682222707
.001753805363
.005874936039
.01194622430
4.240583139e-6
5.640702276e-4
.002087355730
.01883609401
.002993136301
.002498921406
.001172721607
.01505089613
.001444378269
.005601785987
.008088381688
.006017182474
.006598668046
.008598785139
.009438836595
.002042491874
.004277226825
.03301090897
6.580364160e-7
.007077275239
.02084970400
.002244409414
.001131622061
.001208608732
.009378290214
.009777663141
.008687962771
.002875046291
.002039520878
.004740433569
6.392722608e-4
3.816342290e-8
.002709431420
.01372690791
.005829218074
.004672019762
.007921847805
.01454183726
.001872909574
.009159322087
.003901107021
.005105447108
.009636878217
.003788010123
9.083345987e-6
5.673761468e-4
.01042930826
3.753867910e-4
.009002495036
.008003213270
.004834688419
.001176679851
.009179697566
.003941484095
.007404809448
.01502312420
.001528217761
.007526446040
7.032159867e-4
.003718534288
.004728377323
.002300822027
3.126880941e-4
.006921135823
.007442532992
.002050727958
.003965190826
.01392591296
.01287206605
.01545142311
.008698038946
.004893345890
.01738422436
2.709538262e-5
1.026047677e-4
.001848026130
.007930245207
5.766611886e-4
7.404694005e-4
.001419313885
.001526248962
.02770699550
.001491021236
.005517407645
.002163700406
.008916878189
.006971600081
.003526608056
.002141535806
.005110689660
.002035733830
6.837158602e-4
3.995233482e-4
.008729612141
.005820686556
.003118421787
.001232806696
4.895688447e-4
5.806020556e-4
.001488512445
2.821287981e-5
.007911663508
.008268448435
.01980106112
.001597121418
.004880115783
9.376964125e-4
2.604484547e-5
3.978132001e-4
.009169610304
2.943563674e-4
.001252576065
.006037507244
.001526742796
.007132850694
8.478028199e-4
.005309075495
8.834288031e-4
.009307369670
.003602120828
.01077011970
.003152884530
7.693389292e-4
.001876338825
.005423107818
.004905770250
.01504512045
.003039782323
.004909159700
4.992672801e-4
.001020272668
.01300765215
.007012721412
6.164737320e-4
.008445827659
.002293673786
.001160982308
4.003688155e-4
.005870527408
.01398517630
.002004971504
.01078474027
.01267714192
.001305286360
.002162432964
.01736956258
.002495133805
8.322573575e-4
.001292072671
2.662989699e-4
.01117064807
.01512785843
.01050136602
.004127716646
.006744052266
.001158770814
.002616483600
.002353254117
.01433182653
.003255692750
.003818409117
.004626478781
.009799707410
.001719348889
.005296414401
.004727658537
.003080451167
4.850456597e-5
.01515247703
.004481708050
.002367273572
.001201332065
.01192775354
1.104287051e-4
.01347793886
.001382912799
.008861152207
.001363563501
3.482886863e-4
.01192084743
.005602734202
6.497052401e-4
.007789622585
1.509435675e-4
.002452343146
5.369685184e-4
7.945598773e-5
.008027917537
.02990103689
1.006968318e-4
.005478391312
.001300028579
.001680661665
.01846921442
.01122332743
6.271074142e-4
.005279507042
.007873470700
.02982184970
.003459691051
.003973525688
.001562572739
.01075505195
.01228694779
3.049937473e-4
.001362946912
.001364904729
.01606482269
.007804717202
9.740437548e-4
2.886305180e-4
.002996964493
2.243527866e-5
.01149871911
.003780869143
2.004959488e-4
.001201959889
.002082909709
.002907620192
.006841662991
.007312911929
.003139303718
9.211431603e-5
.01266578517
.006964750148
.01274483045
.001343853475
.001935578626
.01175855465
.008184500224
.006941238545
.01074982691
.004066196329
.001721170257
.004740248936
.02113556801
.001440694286
.009874921218
.01268316468
.007210746797
.003622421078
.002039410939
.004880029379
.01617782690
.01669726916
.006592240690
.006176027139
.005577982391
.001719066857
.03089106888
2.632760951e-5
6.302888691e-4
.02631056716
.005843500995
.001633729918
.002496262489
8.373046579e-4
6.306687448e-4
.01051956004
.02682388476
.01137573742
.003446270610
.001839324939
.001338244071
.008275084151
.002993877756
.002573344175
.01410086648
.01456660817
7.785657180e-4
.001181401142
.02776797244
.002116121662
.003400770651
.002852064257
.002365176277
.002382923683
4.712278274e-4
.01277771783
.01029265170
6.310123451e-4
.02368447739
.005385836314
.03033619423
.002819152748
.005160369111
.003706801035
1.921446533e-4
.01019703492
.001910164303
3.930383434e-5
.01163396226
.005078072379
.01319909530
.001863921692
7.806381244e-4
4.906779410e-4
.001613738719
8.364096802e-4
.01068218662
.002535272877
.01101164444
.001328598079
.001090803314
.004315920881
.01345177530
.01017353622
.005545396421
9.032000019e-4
.002622662183
9.894957877e-4
.003439218095
.003077068419
.02281415743
.002395310207
.002823478479
7.468983046e-4
4.228566746e-4
.02184559748
.002333070862
.005062778122
.009740011418
.02711931589
.005529631249
.001115262526
.007019549515
.01037665666
.002619944049
.007902564450
.003415835907
8.125281514e-4
.01045501976
.007060779516
.01377438893
.01955386562
6.168267185e-4
.001652103898
.001748095971
.002377609752
.01472586342
.004817648565
.006153537380
.008565305556
.001119510520
.01017080485
.001745287727
.008161369521
.02249625920
.004047669233
.02016121945
.007741145101
.01395142675
.008243851420
.002808136794
.01015426461
.01330512552
.003952949143
3.397245104e-4
.01024414759
.001071681602
.006033128091
.01084324923
.005712874225
.003173494232
7.130851669e-4
.002841043389
5.552989762e-4
.008549820449
.005417675408
.001111495608
.01703636132
.007509462384
.004016557625
.009569238142
6.381036502e-4
.003064576126
.002598830660
.001021862468
.01481396796
.007015800354
6.729982235e-4
.008609545523
.02478806729
8.359347411e-4
6.789279369e-4
.008438095022
.01314439771
.002868438892
.003542407611
.02341225179
.02744027739
.02169607554
.003722545667
6.481728429e-4
.005723879337
.007588942352
.003644541986
.001079476352
.002101411635
.02309812788
.02679877812
.05564463271
.001255422568
.02077206124
.002853789212
.004016879446
.007688350959
.006036451217
.01691308718
.001230409376
.008425989953
2.576100350e-4
.006985438240
.007434538305
.008807381188
.01792351493
.006163671014
.004516957666
.002188565449
.001909456470
.003543105246
.01957515750
.005899208155
.01431272895
.004482679590
4.431081520e-4
.003381924778
.005166724562
.01421625890
.01209973585
.03111136555
.02364624798
.01020960482
.002190922209
.008348319157
.01270664582
.004664750236
.01413479596
.003421263331
.002472471994
4.342584872e-4
.004459161491
.007023385618
.008914855084
.01471775836
.01347103312
.001264901013
.02043355785
.006091747454
.006458539269
.003899511667
.007926969104
.002634186200
.008861707649
.003971619077
5.409176144e-4
.01104789820
.003843929111
.005581147177
.003097795889
.001208095619
.02167198639
2.028007736e-4
.002084063187
.003730075598
.002878457888
.005926023238
5.100464638e-4
.008952547903
.02961717335
.01772706283
.002135248424
.01290924855
.008533301714
.001126722766
7.907774937e-4
.005678610663
.001673852474
.006550703615
.03092701891
.006989754125
.01564832453
.008552117498
.009984651416
.01224079775
2.635563982e-4
.009583744129
.006716489374
.002355014439
.01164470962
.02825336461
.005863606588
.001727019992
.007151988751
.009583818957
.008926811309
.005606385488
.003160068907
.007363793887
.002326117771
.001855331319
5.865790097e-4
.03400571950
.002741528077
.005476598920
.003957806679
.001669701671
.003720712880
.01138747198
.002781138659
.002157179120
.03780549574
.002534373786
.003662253271
.01213136773
.01485079467
.01261036159
.01036303865
.007735029470
.005745576238
.009980644370
.004715786807
.009496234185
.01240337772
.009738067090
.01104726334
.004200292574
.01453843043
.01333639980
.01015631727
.01438744660
.004975104030
.003327357275
.01975935038
.01904452859
.006804370567
.001098072370
.005527967856
.01282187507
.006396882003
.005633096553
.003673389105
7.642250528e-4
.007079892116
.004354321457
7.318797273e-4
.009056038442
.01132189102
.001040538684
.01562180452
.01938200026
.004128016768
.005996758490
.02917602632
.01055555940
.003171677349
.02045569271
.009284743075
6.312797562e-4
.003022334316
.007068532110
.01883829282
.01170304448
.003475388817
.008714685594
.003256361277
.001192582007
.004408442746
.01499680066
.004137130422
7.319345989e-4
4.218431306e-4
.01760515848
4.208854448e-4
.006205190290
.002227680220
.004758216293
8.761174665e-4
.001021467896
.005672147643
6.773073978e-4
.008863677025
.03003124605
6.067738963e-4
.002438390783
.003620682286
.02036630784
.005160287595
.01105300028
.001073879877
.01009770993
.003878716950
.007751798089
.003645314219
8.401396082e-5
.03932285167
.001280030724
.04294183111
9.180004352e-4
.01980808074
.002514215653
3.363486230e-4
.01343793187
.007364632361
.01135898303
.001140030160
.01217528073
.01547831745
.006083235887
.005379758246
.001050639646
.003820226243
.009791260239
.006878857212
6.574112480e-7
.01288400710
5.994570295e-4
.005349083207
.01068707676
.008940815333
.003699419247
.001031985253
.001452432143
.001520665051
.002503460967
.01029505341
.01634877266
.004571692222
.006168928405
.004482903447
.04635997306
.007514054728
.002887645330
.004643914469
.007339980462
.002236668005
.001823808013
.01946848571
.01494242250
.008783848040
2.847751005e-4
.05050302054
.01529029010
.03647483243
.003714322054
.01276004322
.009993347947
.01140697700
6.483656013e-4
.002662408632
.002674241550
4.794116832e-4
.002065710353
.001483990125
.003620566379
.009843938317
.002136949645
.01538913313
.01976333907
.01532426676
.01677907123
.01417134247
.01607006445
.02268489761
5.376427747e-4
.007557362657
7.517690672e-6
.002605377813
.003124350314
.02389566115
7.407056927e-4
.01322928198
.004609484325
.007720188849
.01718425357
.001926590919
.008542677396
.02115508434
.002126649304
.002363116369
.005432338020
.07034654257
.003574044188
.009457665188
.005512078497
.001761617386
.01924858871
.07729440815
.02134858548
.01173410955
.02447681322
.03960341340
.008389597014
.01053709961
.01910930333
.008458272905
.01985597241
.01269845751
.02077302148
.001524969375
.002657095421
.01616943846
2.127639981e-4
.001721724503
.009405957592
.01873129220
.02310189372
.001839786283
.005305392902
.007406386585
.01142851556
.003062510923
.004539409269
.01443228340
.02310209860
.002305434681
.009296598647
.01009758695
.03615831587
.01217327473
.002612685301
5.426475422e-4
.002277734486
.002873225028
.01182973743
5.408490463e-4
.002065181136
.008905852964
.009421529488
.01298733976
.02752951096
.008236811389
.01562373512
.01985073602
.002377908704
.01531206640
.004774037965
.001896090774
.001975944250
.002931833634
.002302447146
.01144135048
.001071033839
.005967639790
.01194770966
.01058365188
.003066051899
.007531525008
.007555660460
.01676446293
.006545530423
9.856659904e-4
.007353205491
.01940617128
.02278652354
.006851881532
.001626923355
.01803464904
.01139035713
.007188049783
.006069229542
.01947997441
.01944573195
.01112637059
.007792245603
.01826703282
.006990583063
.008843901626
7.341949229e-4
.02907945618
.01555426301
.01032186661
.005649819019
.005461475689
.003077744613
.008526044263
.01367083354
.01440154723
7.099031343e-4
.01890356250
.002440006674
.01606826669
.006127832660
.006580647788
.003424750228
.01221601822
.004046847008
.005688707348
.001898296573
.01005379754
.004176830785
.001177832976
.1211065965
.007512529869
.002752484425
.01641443985
.05737862581
.04012631832
1.515038650e-21
.01252615920
2.095915884e-4
.009117155346
.01021603519
.007466251765
.002976795713
.01778457274
5.540466443e-7
.01987982798
.009369144698
.01408217452
.001518211093
.01371781525
.06365527110
.01123338943
.01666186446
.01856206386
.05318178754
.02163536284
.009155193653
.02130325577
.03105663411
.02554163031
.01455936029
1.384528779e-4
.007086708290
.01806657086
.02205274012
.009841279573
4.852088561e-4
.004208856376
.02075131258
.04220101979
.001852653131
.007318026542
1.919738924e-4
.01539236176
.01203447782
.002095392868
.04849023705
8.404528664e-4
.02070898924
.008249785364
.03297804153
.02555664782
.01185618774
.003798632499
.02859722350
.05887820392
.02535537123
.01537317925
.001531775154
.009465960738
.004076962506
.01861831557
.003411144631
.006987313387
.01649448074
.01476824617
.01043534206
.01994250734
.03141184093
.03006580367
.002142574467
.01009639606
.08975676878
6.439005908e-4
.01863913972
5.470515207e-4
.008220767511
.009655271358
.003717858381
.003370760726
.001773566992
.04482051620
.001675630821
.02104013909
.006101983759
.03428611661
.04172511681
.009894883632
.03148201815
.009598245679
.001800565249
1.369556605e-6
.001216552917
.02217083812
.02321083260
8.453859615e-4
.01964463429
.03125241339
.005526179192
.001414831269
.006708760253
.005075329366
.003692019931
.06802688251
.004656277324
.01213898365
.01546164349
.01207178846
.007740557437
.008534834269
.005230444568
.01501431558
.001497153268
.003568133232
.001702989072
.006785540162
.06978749190
.002252090746
.001538892881
.02904783037
7.168371678e-4
.001446020228
.01653447277
.01143099413
3.361087919e-4
.01866553068
.03961733931
.02231508087
.008544392587
.006837742057
.001819962330
.003043435976
.07176088601
.004421972473
.03087399627
.009517090183
.006915426811
.02733105263
.02879269877
.003467986769
.01986992519
.01920646435
.004782451443
.009277325126
7.271099297e-4
.01756544695
6.560992282e-7
.003075007412
.005040389569
.04119156908
.02862336561
.01671830905
.01300885462
.008529388099
.01743614232
.04070703893
.05862056921
.007554217918
.01316395715
.01963477684
.009535638355
.01346820143
5.768581475e-4
.005204957035
.001845334303
.001670736258
.007913740205
.03297600148
.02597877815
.01439074676
.06700938549
3.522071236e-4
.04730866592
.01280107896
.01358280642
.009204026182
.04587174791
.01389432325
.04517082492
.04546302806
.08355743659
.002355115628
.03028472448
.01774683862
5.045039670e-4
.006912390228
2.098119842e-23
.004851944724
.005863969550
.006184330610
.007099427506
.01444508740
0.
.004575091077
.02796713823
.01067665936
.005629387235
.03460014978
.02341327735
.02150259357
.03376872839
.02496510253
.04676461588
1.439162984e-5
3.210225130e-7
.003382598964
.01226503100
7.223111768e-4
.004448850887
.006990160737
.02381677432
.001190727816
.002055716103
.02548393339
7.567511438e-5
.005321820852
.004031663108
.004437205259
.01059139581
.02688006399
.001868632215
.01629520726
3.610169609e-4
.01029711145
.06421521000
.01160455172
7.785680963e-4
.003783803340
.001010298481
.01762770833
.02406776550
.006117150455
.03181854335
.003046724785
.05202802923
.001676225051
.008651207493
.008902976658
8.045401672e-4
.002514419633
.02619819195
.02129864121
.01339440363
.05148184167
.02750020859
.002347843383
.04243419549
.01435109608
.03585385248
.05225528917
.01078404734
.005660651704
.005775654514
.01657603060
.01331793117
8.967024805e-4
.005478014080
.02223809141
.02083567280
.001355551719
1.775109353e-31
0.
.01459699417
.009049694386
.02275919864
.02740388401
.001074538839
.05325167627
.007708441695
.02057811997
.04044449456
.002923388733
.05335527831
.005328751683
4.125496576e-4
.02607179121
.02718182584
.03140766160
.004299486596
.007130588012
.006323723755
8.635646108e-4
.01180133690
.03767130199
.03769539002
.01732913772
.01168028499
.008910408813
.01620664762
.01888699726
9.589455563e-4
.02909489257
.002232190905
.008358991639
.01206014857
.006759317337
.004451406502
.03299769371
.02223315335
.01932368998
.03660861615
.002047478779
.01829234384
.03836559268
.002497563257
.01754964769
.03080423604
.01220052878
.03376039264
.009106986203
.04853605524
5.989889774e-4
.02599479019
.003442454129
9.730789445e-4
.009815361679
.1224540926
.03669595421
.02150966008
.01715494265
.02113757166
6.531526122e-7
.03154338949
.006509254087
.01523830961
.01140275407
.006236691926
.01915153888
.007496132167
.02133908081
.009010526154
.02488790297
6.786604699e-4
.01151557389
.003207011584
.02434152475
6.462006406e-4
.01153558976
.01929147911
.007807916400
.06905222707
.02108850905
.02252671762
.05500127124
.02345034861
.001003875823
.02189131839
.006148743967
.03528218115
9.292527918e-5
.005988449797
.06861007766
.01742438012
.005211517066
.006935905318
.008928545106
.008908802640
.01402300126
.003891091254
.03567717378
.01949160925
.003413088688
.03585857457
.002797805882
.01310842172
.03558064415
.02160675186
.008660634989
.02594931563
.05026183379
7.434439624e-4
.03561920714
.003457186573
.004894884166
.003545471231
.01178542464
.008931758357
.01339933257
.03432226985
.02343414461
.002900523954
.1161973367
.04385295943
7.829329559e-4
.009155092550
.004610361790
.003048545383
.004136913969
.001634987687
.004174387415
.04311690578
.001068962218
.05278507509
.005689935507
.01173085137
.006550168680
.02917800630
.009277218284
.007584801909
2.243432605e-5
6.048131860e-4
.001658757422
.03274778100
.003217449853
.01598532363
.006036230774
.009732918361
.01170101077
.03240322631
.004939182476
.01035005294
.008723546461
.03300373115
.01924343376
5.191008727e-4
.05899239981
.01891476546
.01613959599
.05487625689
.007171307892
.008126255887
.001849869110
.003898088238
.001156806126
.02298350302
.03223432267
.009738063218
.005108224314
.03358029469
.007549751345
.03537876086
.01321059575
3.767306211e-23
.01252010796
.006635961334
.01500824874
.003242323712
.01127882110
.04645266795
.02126728504
.002977780784
.005087390579
.01194208472
.04831674004
.02322984198
.02297632118
.007310064854
.01996967135
2.143404984e-4
.01270564186
2.834947907e-4
.02079555136
.04005799885
.005987076370
.04777468120
.04292775348
.01286444324
.03055876800
9.785526343e-4
.004895160932
4.415891969e-4
.004195969199
.01319619292
.008306347712
.01448799740
.02580107029
4.205592343e-4
.03140154702
.003467821350
.004076978278
.005549126985
.002652912890
.009694905434
.006700926083
.03561249990
.002672789462
.02715973772
.03119651501
6.942748232e-5
7.169359818e-4
5.169942953e-4
.01304904672
.01396736081
.002611030422
.04750754513
1.340836821e-4
3.580344585e-4
.01727342216
.2703434480
.007867749047
.004054681956
.004646581471
4.594974062e-31
0.
.003034352542
.01252610377
.01093883775
.005048105100
.03294791242
.009845470752
.001252715643
.003989440589
.05115097339
.006185759998
.03712848802
.02903957940
.02381437264
.02919215867
.002711834553
.1447139061
.06550856612
7.797431254e-4
3.242221554e-7
.007287662139
.008310805821
.02322587059
.002495533608
.003971517944
.002375134955
.02658775020
.01843129619
.02367900784
.05407535411
.01426205247
.03090776924
2.680642220e-4
.009123908197
.001261518418
.006075196793
.003288813503
.004809737790
.004446944413
.02709322738
.03201754827
.001644257070
.005476331090
.001675560944
.01296666041
.02521269890
.006826444590
.003173356853
9.101804222e-4
7.309808739e-4
.01785403172
.02046921687
.01641493432
.002987098342
.08600894713
.006029564894
.02920867020
5.766540600e-4
.008742633311
.003924730201
.02615545398
.02697450454
.001643384105
.02994664922
.06675331526
.004428583062
6.679990309e-4
.001915835381
.05974175448
.01468501530
.01307515711
1.147898645e-4
.07682075812
.05337783147
.01742034338
.02058098271
.01074666815
.006590943735
.05028815778
.01540279644
.01655287466
.02233715127
.005724305526
.09140390887
.04340417840
.01020254511
.003753558284
.01514606402
.04863697910
.008283807413
2.637617286e-4
6.950204805e-4
.03084642368
.01812810624
.01937357810
.04294993144
.007852872522
.04229628187
.04040131631
.007089897337
.02200049364
.1174167427
.01069058144
.009734964462
.02225041110
.01007955405
.004777673091
.03283806737
.05173114687
.007941526655
.004621850103
.003938235985
.06665015092
.01215378287
.01648916549
.01263437009
.05015306637
.001930987575
.01551477221
8.826001154e-4
.03081978589
.05812000399
.008270409236
6.904102325e-4
.004038221771
.1310702720
.004875805632
.001028032190
.04959425143
.06094741748
.03223786383
.03856795634
.01290983242
.06206245675
.02606194547
.01398256784
.01725067438
.003155635478
.008592171491
.02770217018
.01419774040
.01652224620
.03260983926
.01444761277
.03390516808
.03873280771
.1079920462
.002157446269
.05662076382
.02948655458
.02750881378
.006600861917
.06640769643
.1023908729
.006885610544
.006826071953
.01740884779
.02446673976
.06054338724
.001025065993
.004978323775
.002119592018
.01198408231
.09539017511
.03182857700
5.806589748e-4
.002782384181
.01724412596
.001683025500
.06801923462
.03974836736
4.124992686e-5
.02786396246
.05338324646
.01230161994
.01485910153
.008644468762
.05051960647
.002297480518
.04274112371
.01448314064
.02087635410
.05307755584
.004698210498
4.593759378e-5
.02304918771
.003688646056
.1511531128
.003965996470
.03810465246
.006526631714
.06797163058
.01855506098
2.834947907e-4
.01918372379
.01374277998
.05164738238
.02939613416
.006187920427
.06400877299
4.200234111e-4
.005259850840
.004631186685
.03304298368
.003957227508
.03847436494
.009921620914
.08642750608
.02563674422
.04851859838
.01755139221
.002869128526
.008718837488
.01756815939
.05499694648
.003428062919
1.440179742e-4
.008914121323
.01025265532
.03618311359
.02130949401
.004073058562
.03810729710
.002909351096
.003357680467
.02709933286
.006075413386
.01762466484
.05001481936
.008194673631
.02947361333
.04003714682
.01505460170
.004621406318
.008593819508
.04929684295
.01296361781
.04272101682
.009261210674
.01632623957
.009223511072
.07069300049
.02928955654
.004179312521
.02977091231
.01583506765
.009253647608
.07044410958
.05074195455
.005658871981
.01325139482
.04266039342
.08692487399
.01984712851
7.022576331e-4
.006619806138
.03852934659
.002939678416
.001421135136
.09720954778
.003861673359
.1717651588
.02290884902
.06042263910
.02099284074
.03187849829
.002010635372
.04857162155
.05838558332
.02524475828
.05641107267
.008003173014
.02894155007
.002079016395
.004202992086
.07204688065
.006164091687
.01153077826
.1280014824
.03014191953
.01739020482
.03566946258
.05086625626
.04454661371
.01247071869
.002003169552
.004284256455
.02551104177
.01228998815
.06195701755
.003379418740
.01246768740
.01154738052
4.795855305e-4
.07585219855
.04553433354
.001254822873
8.853705540e-4
.01888785277
.02741796760
7.168371663e-4
.01245083046
.07163328589
.06177956664
.05343387649
.004866783608
.04645041317
.05419679869
3.170707201e-6
.01479294557
.003303181005
.05817562533
.007731672942
.02339548153
.06272096256
.008553975870
.05057592478
.02316111145
.001985142844
.001414264148
.002960068157
.01647198909
.09438741930
.01868654355
.05192046109
.01155954131
.005633478903
.008891829164
.004551268399
.03395415990
.01685545318
.02322317915
.01706952564
.01216722266
.001554577036
.001242205309
.02236066868
.1266120029
.03200904066
.1213744763
.04958729956
.01883085753
.003373537348
.006690241935
7.193366241e-4
.001281041735
.003396023708
.08659959820
.02694173305
.03085415871
5.222235581e-4
.03768570406
.03409608716
.005496766725
.007338440893
.006310481059
.01459639731
.02197165170
.03771626441
.003529495235
9.205160762e-4
.01737381123
.03376028342
.01250382251
.07294049871
.03007221940
.02900411956
.03380047340
.07561512227
.03961145460
6.970322162e-5
.02337683614
.007872337843
.01763825688
.003026063558
.07752059677
.08572909320
.1239209599
.02470142416
.007255274780
.004378796870
5.766496870e-4
.008677078883
.01230764089
.03726721540
.01596648076
.006615857908
.01005292878
.01991591920
.001235987462
.02044220475
.04362288690
.01544862371
.007374196217
.04880285278
.02849059007
.002526001900
.04880790432
.01622382309
.001191354092
.003563565378
.02793750213
.001725479920
.04827698596
.02564129537
.04471075591
.09307825621
.004744994012
.09326664923
.06226148468
.01202112739
.001346655254
.04684515691
.02371520196
.06510634580
.02883614868
.06687404554
.001108776199
.06838640888
.003755359371
.03761264239
.006520550997
.09919689578
.01094885978
.06492113014
.1082888397
.1180509158
.01960515537
.009838261464
.003622914008
.05608244097
.01381969479
3.661907763e-4
.1296906796
.08229765896
.02947125659
.02200203618
.01947708012
.01528058397
.06154713932
.04353221697
.007137594793
.02736182286
.04334169154
.003296986589
.007618830230
.003927496818
.06426062552
.007256845340
.01101443524
.03998372434
.03703655977
.03092721851
.01787646603
.03241776208
.05579887989
.002812997580
.05607135400
.006184287693
.004207280510
.005399709460
.01230494361
.02287592028
.02788062944
.07867865854
8.774138113e-4
8.763486415e-4
.004923957334
1.054583948e-4
.01088035534
.02948791908
.03024361320
.06945496319
.02134147584
.01301069055
.005896151359
6.512617435e-4
.03393277101
.002215332136
.04654433478
.01889873189
.02402192342
.07552744151
.07387953922
.1223015185
.003002042197
.02797186209
.1223117946
.008636738436
.01639781658
.003536189965
.05143383292
.03136039635
.002839517598
.008270632940
4.345653440e-5
2.019961815e-4
.01928332541
.003355427622
.04916618594
2.075620859e-5
.008900889516
.01878217820
.04171996679
.02106884779
.01730399896
.05139791776
.005553117724
.02460781263
.02557805860
.01619815334
.06433888621
.01189462377
.01082158496
.01462690124
.1030037201
.06452858868
.001461662082
.002888870522
.02312135803
.01250367523
.03569041144
.01727711229
.01250544037
.01105353011
.01787363631
.002170226774
.007407060342
.01450595855
.008839869267
.007215485569
.03078677539
.001895615091
.03441002956
.02209144515
.01143542520
.02121091293
.01874138399
.04018163214
.002559531314
.001372328720
8.987906308e-4
.02125395103
.06516072420
.04185649386
.03158741728
.002277435382
.02399900831
.002651452393
2.077267014e-4
.002856821622
.003342160395
.02967444405
.006269066439
.02274297384
.01243948416
.007419566867
.02320625107
.02455558976
.01341606322
.1101118991
.007780861329
.07798916730
.02694974427
.02734324847
.03531395247
.02931046282
.04177739655
.01171729950
.001045361518
.01471089555
.02110661019
.01957876902
.01166713440
.1175464877
.04141255307
.04490235823
.03331933158
.02083015820
.05243246251
.01032380083
.004456227066
.02471825994
.03391073054
.07160709667
.05020427023
.007253330030
.002375260632
.007364757274
.03952290463
.03882938002
.04699904979
.001126403703
.01479020243
.02116876097
.01362065363
.07883682236
.03518271139
.02703190794
.01864104749
.08305776639
.02144696075
.006222476047
.01236060192
.009456829437
.05271032564
.001023345129
.008389872350
.004219530561
.1012311693
.005010521362
.01278654213
.01970607213
.03745406211
.06936242016
.01102128409
.005794939439
.05213312280
.002494282858
.004140355374
.003446634195
.001929756966
.01287252645
.01583654223
.02333577780
.06820903146
.04570309637
.007705180277
.04863888642
.05384796530
.02196276851
.05428122016
.03445758873
.01002409004
.02407013084
.004072445336
.01065778743
.005920609439
.02468162626
2.433075037e-4
.003513719289
.03600646951
.01191068157
7.576152199e-4
.001529722148
.01637638877
.06501691228
.01586253254
.007389858840
.01891256687
.03495319409
.04682186304
.008421929212
.03785983039
.03614602590
2.657701919e-4
.002863193602
.02140713348
.007073828248
.004871162276
.002319081053
.01554622076
.05547268653
.001125169975
.007437538046
.02612578815
5.556594056e-5
.004223968238
.001194417157
5.189984856e-5
.02612357899
.001075552655
.003034673566
.01061935047
.005317588332
.009223511714
.04675698766
.03603244036
.01096881089
.003819528654
.04066899631
.07695203466
.007179668542
.02329661604
.003830304258
.02969194386
.03812399696
.02393501851
.007516611722
.001661916642
.02099347088
.02484356887
.01003556668
.003356790398
.01314645222
.04106702251
.03169784944
.02798234114
3.509621751e-4
.002301910067
.01417901866
7.313843558e-4
.006773948053
.01593934652
.01921133532
3.135224065e-4
.009311603821
.01723712163
.001256814288
.006763665284
1.002425265e-4
.004744477338
.001085183334
.008509501149
.03262598108
.005900315110
.02388615891
4.122517551e-4
1.778964051e-4
.03711963869
.008501729403
.01087462066
.02085651134
.02966253930
.003047594001
4.029191817e-4
.05889121235
.006336575922
.06982867058
.02050592572
.08124264582
.02815025789
.004340849440
2.042227400e-4
.02618101566
.003275192264
.1487951229
.06823653072
.03882006343
1.808927781e-4
.04850049939
.04196540362
.02756783192
.07247611460
.002976288953
.01146829252
.02133540598
.01655360479
.03247508627
.003783922549
.01295006125
.01460862594
2.635268726e-4
.02509259589
.1017310925
.006991077556
.04707420782
.02154779279
.001617279961
.01973213662
.002223065462
.01913942796
.007259648242
.02029498782
.007406913949
.04158369475
.004535974275
.006215522169
.003778623153
.002951836885
.002139013954
.1566626407
.02575414986
9.812580519e-4
8.866064932e-4
.03794917579
4.061999239e-4
.009254031605
.04849434651
.02736779929
.004203801277
.006224290555
.01068237416
.004165006206
.004273469459
2.999041290e-4
.02217347613
.03807309717
.004191722293
.03372332168
.001545462277
.01881790917
9.974060746e-4
.05418967578
.01974281387
.02046165455
.01364065121
6.334788570e-5
.01102637201
.001117387968
3.298643826e-4
.01431544706
.02278863379
.03984834472
7.466391887e-4
.01119675995
.03004222369
.03000133877
.01476883409
.007539508435
.007078844877
.02169241006
.03832784899
.01392554238
.004599019546
.03055389692
.003867235183
.01303019496
2.809735758e-5
.01689125544
.02682018009
.02161132527
1.158655100e-4
.02827691741
.02267628477
.004142764310
8.348937144e-5
.002359419604
.006253027981
.04913477763
.001359941752
.003515639440
.005829001561
.001909749594
4.275238285e-4
.003274552480
.01585347786
.03786539326
.008526912839
.007772815501
.02617602372
.01150298628
.01863697839
.001755381227
.04031282271
.004032791517
.009148473135
.001261042851
.006880299893
.01352820210
6.638378629e-7
.002289633239
.003367219676
.04630340778
9.336548745e-5
.003211487485
.007041955151
.02616392846
.01401302313
.03632402802
.001865285061
.007218388530
.002525915479
.03398453864
.03095921742
.01675279127
.01605898245
.008097295421
6.362025913e-4
.008989165006
.008915483743
7.418286464e-4
.03066499562
6.396686169e-4
.002215779384
.001574888555
.009179751857
.001125856836
.04565471419
.009026295615
.03208031678
2.347981210e-4
.003327116950
.01595132541
.003312381724
6.375093402e-5
.04131316665
.04335015399
.06033549797
2.651469851e-5
.02625063841
.005326390159
.03732401060
.02815951467
.008224514512
.003576377844
.002219276732
.01003488688
1.859107916e-4
.006481774814
.04336050007
.003367673722
.008712085438
.001833280198
.006042585967
.02560615519
.008544108524
.04795471180
.001976409908
.008562515932
.003601812902
.04090698823
.05292100118
.01428073814
6.061428985e-4
2.299644878e-4
.007011471391
.01899403847
.007427539320
8.652868624e-4
.009226634360
7.325408977e-4
.004750128720
1.931580911e-4
.002442209566
.02513036006
.006472919733
1.614300490e-4
9.891201960e-4
.005486618677
.02134902760
.03627238384
.01614384855
.02896462741
.02269451477
.008202939033
.01029246995
.001018538268
.02351153444
.01117609614
.009809818492
2.269269763e-4
.009342806503
.002695092432
.02524845702
.02084719032
.01197473920
.04341251395
2.902725218e-4
.03335944724
.02440762174
.01776616601
.02025653886
.01478377915
.007565374674
.01057917935
.02164043713
.002389383980
.008302271499
9.468938420e-5
.01096063091
.02319900795
1.943726085e-4
.02266149084
2.300171674e-4
.005504290769
.01606492728
.004914718730
.06021435161
.01671654200
.04173802856
.06417239810
.02231257216
.01230991049
6.220374948e-4
.01776127389
.02527855302
7.303018505e-4
.006351030308
.007722081632
.02039883979
4.681369313e-4
.005629142090
.002104382349
6.619559506e-4
.01598053268
.02402806495
.004035070320
3.247523014e-5
.006503009766
.01445827681
.01401287028
.01040002530
.001212063800
.008546897138
.001345374334
.01381498528
.02020994289
.01774975196
.001864653096
.001719323611
3.288322617e-5
.005484476714
.001165712986
.006352667324
.01938684779
.004719991222
.009836971032
.01475446837
.003243931673
1.990539603e-4
.005006397668
.003553731536
.02613408554
1.550548342e-4
.02671402917
.007604506570
.008313926433
.03590444622
.01899211861
.006600965948
.01202656322
.001974131815
.01739088720
5.890186943e-4
2.822069310e-5
.03835724948
.03441183614
.006290935161
.008706460293
.01446708687
.01454711266
.02885164642
.009302318895
.03545682237
.01122105361
.02250423679
.01087587977
9.521893127e-4
.04728920630
.008474903213
1.326662181e-4
.03772348089
.003326140318
.01196441058
4.096599070e-4
.004095773598
.02336765256
.003882462207
4.272879320e-5
.02251324318
.007594805654
.002341650724
.1041326270
.001043001661
.02169501436
.008562697345
.02690631727
.04344395614
.002784419298
.01746173625
.005693014232
.02532929017
.02149068248
.01649200191
.005080836139
.007052274922
.006865032181
.02077644732
.01285109995
8.338913396e-5
.008631376814
.005494120236
.009132976637
.01002444009
.006885896654
.009518665084
.01463987225
.01942635372
.007634169289
.006446655795
.007206343017
.01400225157
.01301918817
.01163893503
1.041823764e-4
.03249267564
.003022966024
.02461974455
1.747626369e-6
.007376289958
.03405347190
.003863217546
.01240756143
.002851221950
.02078090955
.006629346905
.001396582116
.03768693700
.03126296962
.01716629608
.01076670621
7.893813221e-4
9.365107917e-5
.01097134010
.01869512827
.03267537028
7.529783631e-4
.02093650054
.001875793901
.02819777767
.01153175243
.007884637204
.01327796958
.003759887707
.002786303982
6.554396903e-4
.02014401400
.01626591621
.02801764067
.04213289235
.01207635429
.002159035856
.02181917127
.003768684320
1.117555197e-4
.002946791653
.005832874560
.01012562864
.01377963380
.01691618555
.009726359447
.01620803950
.01903484790
.03314429707
.001296431791
.007514804063
.04914570308
.01783616824
6.342474804e-4
.009194203059
.004501165007
.01143795361
.02329109086
.01056769816
.01081687582
.01521920718
.003392613854
.01287739608
.03255556301
.02122788757
5.764685197e-4
.008641595109
.03866350625
.002322646670
.005072922780
.01100769926
8.612948603e-4
.001005676172
.01474358259
.04439898432
.01918076424
.01652436448
.01397774978
.02509250918
.01952107892
.06623800544
.001202304703
.006683299084
.04192095479
.04301658647
.006101126264
.06344126638
5.035572037e-4
.03615875867
.02290186887
.04963386824
6.010246880e-4
.01225144343
.03869487448
.01693006575
.01005486216
.02129132944
.007015788570
.008083109859
6.614398570e-6
.002619263361
.008864679940
.009388097745
.06493145759
.002219543483
.004111630764
9.937584905e-5
9.214672413e-4
.006945024096
.03114352246
.02302579106
.007991313082
.01700802899
.003108932537
.01398575024
.001009269802
.02517344350
.02765007514
.01060205142
.002613654423
.006838059626
.005448886010
.03030254007
.01964078083
.02576175225
.01687108415
.006139368052
.005742588378
.007096652878
.03689623005
.005330776822
.001621685136
.01193464854
.03279973171
.01514183458
.002526364452
.005062428804
.01272973077
.004917416900
.01566934417
.03171811575
.02158584052
.002911458161
.007024794865
.007288610308
.007628810747
.008980125993
.008365041801
.005731554381
.01045933267
.003949735112
.01535669724
.04227519449
.03845287909
.003675364775
.01221105867
.03267013141
.02837626818
6.755577624e-5
.006774441264
.001277113333
.01032823285
.006956402811
.004606814178
8.148786672e-4
4.647128462e-5
.002868826900
.009509040385
.01005340554
.01207322545
.04789458535
.004301120589
.04333759358
.01897062255
.009273048259
.006225621690
.02329246083
.002851097918
5.054206738e-4
.007150446072
.004145195970
.01571146268
.03525908737
.03123134720
.01739894718
.02195974823
.02700427060
.01051540885
.03313203501
.003467098930
.01284004095
.02656594933
.005662407403
.006371862340
.009242701750
.001213613902
.01122399012
.001432299450
.001511434093
.008697530723
.01240751974
.006734826801
.01162678877
.01433315456
.005452807698
.01421176596
.01086878263
.02034697788
.02982349705
.002446876531
.01828188268
.04353161725
.01908701015
.01356587164
.003923710429
.005609637162
.002136126961
.002127086599
.01715609487
.007868242537
.02805971675
2.386924258e-4
.004970151427
.002018404636
.004027103892
.006398509499
.002030165265
.03214752240
.01794560124
.01071662273
.009007061477
.01446257908
.01047336602
.003956707027
.008450007000
.01990077129
.007890423823
.01246492009
.004067733038
.009216444776
.06738155333
.002738499337
.01371281157
.004894979424
.01226386108
.003532382490
.02092465470
.004390633938
1.571624985e-4
.002071312662
.001168973456
.02080661424
.01997384780
.005199132740
.02691370699
.003326985599
3.918295928e-6
.007787371938
.01049199528
.02289038671
.007221966178
1.401177769e-7
.005609501022
6.453156780e-4
9.421886709e-4
0.
.001098605926
.03737575655
.002422455575
.02214400976
.006419208082
.01081803467
.01395561122
.004491922553
.002843471984
.02880894084
3.874884905e-4
.01119737353
.03984086570
.06864153687
.001608004845
.02039281561
.004458360071
.01132995498
.01902986090
.01327898691
4.453243881e-4
.07765564713
.01738347228
2.369613176e-5
.03867933009
.007774716142
.01400952463
.008569353265
.009194976021
.004501040952
.003473792905
.04549163529
.01291740330
.04261407767
.05273574201
9.902481803e-4
.008316864196
.03252405264
.005109383764
.007250847375
5.306651880e-6
.002607256615
.005751112518
.01127689457
.004542879827
.008887424614
.003931989617
.01182795273
.008934147051
.05525007438
.06192326698
.01193223516
.007765433336
6.688826007e-4
.01385231528
.01230005428
.01551350975
.02249225952
.02434830231
.01023941588
.02513269458
.05612561671
.007433752288
.01431200493
.04776962851
.03596228643
.001600106318
.01401411948
.003057664869
.02775443137
.007596090580
.01073070924
.03501046866
.007463867858
.01460737870
.009978939733
.004366375900
.003473246216
.004039725083
.02969007924
.008278473710
.002305659641
.005225866521
.01859614229
.01526277295
.06654013248
.005367322922
.009385149158
.005976670664
.04139384926
.008809525499
.01029033010
.002485106369
.006850985165
.01130457269
2.046219323e-4
.008632984218
.001992078110
.01226201395
.01045512913
.007167683102
6.928752854e-4
.007050837247
.009962614145
.008405902935
.009039220924
.02641158258
.01602577099
.02203656468
.002876259854
.01253230945
.01534894402
.03232687803
.004272118997
.04261051688
9.795290424e-4
.003142138259
.07251880853
.01880716278
.005671915393
.008759220287
.02723754108
.01404444603
.001280055666
.01051988400
.03710640805
.01684441739
.01422202806
.001695901790
.005976792937
.01831257434
.003719680449
.003494513847
.02318290488
.01199072986
.01171135952
4.198457747e-5
.01071193730
.002268570575
.006382837860
.01851467794
.009350251575
.006562833187
.01373605715
.005208172611
.003321078741
.001530984742
.006373723767
.003943315141
3.933256106e-5
.01254341458
.003634155009
.005737542705
.003966534428
.04367806734
.001073229092
.002296339889
.02356381425
.02768903902
.02834643211
.001217573231
.006439817569
.005059579587
.01035815189
.01044129930
9.205420753e-4
.01688275530
.005267658064
.001405745081
.005557265657
.02039334965
.01402070451
.009433202879
.008865225162
.001519153691
7.258481860e-4
.01239422840
.02125535855
.003595487634
.002949607101
.002912887459
.001624282018
.03084085704
.02098302268
.004518533519
.01148841665
.004657327420
.004417925868
.002653714380
.01274411444
.01431941506
.002030565459
.007846069714
.005362772041
.02206356855
.02510696310
.01155775946
.01658547041
.03813263476
.001177688052
.006890848383
.002900802557
.01322640297
.005100268322
.01843289406
.01347715066
.01833570610
.009094496470
.01659200529
.004833009486
.004125050700
.02040135036
6.832411659e-8
.009726522090
0.
.01985988487
1.815241161e-4
.001802866026
.006725838665
.04122094050
3.927507654e-5
.006527863938
.01929232707
.01118706247
.006836151235
5.610992654e-4
.03887251101
.02673750621
.01524908441
.06872006790
.001734621854
.008770505765
.01580580352
.05703334886
.02916193350
.01746798019
.01978334530
.04989680342
.006584578871
.002401225757
.008701806390
.002101550870
.006417726685
7.767776080e-4
.006398798528
.02015075439
.001703394345
.001249239792
.003665579353
.03595436972
.002701371564
.01001996568
.01322198984
.005919067401
5.035928761e-4
.05419518644
7.280248172e-5
.03168668321
.004567207807
.01179023424
3.673575682e-4
.006181542597
.002292133338
.001505553329
.001183795097
.004960067168
.03393050070
.03548485901
.04982119643
.005453321082
.004761624564
.01170135052
5.577338818e-4
.01492646661
.03210190440
.03328044039
1.339599848e-4
.01802883147
.02569794446
.006796564670
.02011477130
.02494453326
.03262074892
.02894646425
.04419796248
.001808617139
.02349641450
.008150355003
.01099784770
.03689902093
.001006696337
.01556776135
.02052210364
.006333069966
.01833047009
.01612745193
.01232956014
8.720210001e-4
4.005237537e-4
.004477596319
.01494238514
.007509599028
.006855548547
.02327999619
.01694083350
.04150833982
2.803857757e-7
.01253852979
2.069620102e-4
4.252618504e-5
.002025840427
0.
.01583029708
.02009627126
.007621211667
.001154011115
.009481766684
.003381334960
.004065727108
2.502453108e-4
.004026006702
.02525923873
.001165653170
.009892177769
3.875874172e-4
1.113836176e-4
.006975295153
.001448445671
.07851240346
.004174290964
.002949083806
.006868352122
.002378122308
.008435476276
.006923328527
.01124744881
9.318378804e-4
.002147656319
.002338911208
3.046417064e-4
.02375244096
.01118947580
.009029255183
.001573881523
.01010599600
.01272834856
.01443258232
.02872999522
.01494705192
.02729415744
.007766322947
.003212187118
.01737463691
.01431777968
7.105861728e-4
.02326800215
.005889376083
.005057787944
.003178862798
.001574505353
.009809589785
.001585878802
.03109471593
.01622404876
.001944124896
.01947036533
.001078799595
3.504923968e-6
.01196317547
.01414075990
.001516992875
.02000789856
.01000981027
.006871099012
5.856780106e-4
.009667331098
.003323905605
.01800697417
0.
.001180892605
.008921917575
.02182330080
.01869777961
.002721176993
.001783604174
.005530572854
.01809380482
.002946278948
.005345219054
.001022765535
.004621714786
.03915437383
.01036568237
.007254288387
.007347160697
.01245342168
.03702966567
.002996897119
.005768316966
.01705485987
2.475921066e-4
.001764838785
.03334139858
2.524451660e-4
.03797983332
.006105320578
.005949604008
.004077525277
.01327268325
.005605098420
.008259873339
.001155830905
.02067238218
.01293024533
.003702433608
.01883879753
.001677985938
1.123094856e-4
.01109874538
.01854715530
.02949697142
.006951433304
.01119631086
.01470271384
.001643927665
.02133137899
.001101412491
.04081482470
.001416266724
.01076197072
.02314028685
.001047813747
.003464523553
.005027454075
.01708781400
2.857068379e-5
9.761421376e-4
.02514398673
7.890885128e-4
.007455451026
.001243834322
1.789367976e-4
.001923785259
8.663823628e-4
.003460768931
.001771396076
.03554228943
.05023627411
.006138476242
.004797207446
1.866606335e-5
.009082459159
.02568803812
.005737657451
.01829842800
.02702572650
3.739081174e-4
5.971432894e-4
.007911271615
.006661354807
.009889797620
.01840326242
.008898475083
.01433928480
.007542998325
.01101670339
.001673637432
.01074371419
.008070922152
.01073928795
.005492302929
.01682125085
.02632717987
.006033668919
0.
.002128354987
.02082040270
.007256764549
.008752444644
.001031791065
.02971528828
.002623222157
.001653655420
.006323016996
.001471933694
.001888650412
.04100326339
.002546600642
.02385476707
.002658154509
.005308623628
.005626404401
.008941649440
.02477455805
.002628096890
.005083718487
.01695076799
.004096901767
6.542148103e-4
.001202451961
.03234041125
.01222402164
.008286039429
.005021409774
.07404867567
.002528139997
.008429822635
.02202460744
.01391978030
.02683473621
.01334583987
.006676369339
.002632692415
.003392976403
.008540764429
.001382157980
.001211873760
.01157697602
1.741315829e-4
.01134673833
.03495266840
.006746438494
1.725481637e-7
.006463370632
.001680340454
.01236715336
0.
.02185016441
.01931649987
.002846262340
.006872459617
5.714446428e-5
.01628426024
4.432612519e-4
.02660104080
.003776216077
.005017571241
.008691887159
9.197745983e-5
.008297837588
.01666369552
.002266893305
.001131433013
.04589692358
.004674629557
.05292159592
.02239548970
.003285117638
.01163513870
0.
.01719141811
.01796139112
.01589622992
.01640015123
.04365790413
.006462586337
.01746720110
8.635563656e-4
.003751108102
.02597736894
.01408826854
.001169835212
.009302801788
.01319942090
.006923127392
.04585235805
.01654217610
4.078299906e-4
.01131219051
.01079178586
.004545302266
.007050189913
.01149897623
.02146205650
.005861541455
.02723424060
.006577785427
.002239652626
2.881022165e-4
2.325197844e-5
.01478211518
.004205472290
1.867554340e-4
.001316012872
.004840149078
.008838097383
3.581403606e-4
.01100788920
.009802347767
.03850865948
.002299662579
.001637950278
.03440295473
.002038646664
.001475287624
6.799707058e-4
.003662074550
.02464875155
4.537812453e-4
.01279477499
.008226527351
.006052100909
.01490709699
.001286409538
.003506758002
.004833184782
4.261776513e-4
.03540135349
.04433679681
.002544437640
.02374949091
.02389008053
.008325708452
.009929028178
.007376004689
.02024073280
.02339037755
.004813274087
.002210606858
.009245357537
1.881185102e-6
.07885039121
.02097418866
.007276396378
6.649114131e-4
.02545390221
.02037362746
.009586647550
.01283910689
.006380055490
.01542225111
.008242001719
.007193163680
.005226983303
.007838383361
6.610450343e-4
.01186377029
.04697423409
.007624594359
.01059486553
.01594038332
.01028196778
5.420843884e-4
4.240490323e-4
.01413174193
.01457899153
.003749866209
.001683421146
.005186159888
.01511223528
.01589103407
.001970798151
2.784545685e-4
.02429346736
.005384609048
.009165760167
.001965023004
.02477069284
4.656888081e-4
.01821702457
.01262314741
.02063456930
.01030040016
.01346359397
.004688753752
.02566664596
.001544291627
.004268488366
.008797882976
.03992167296
3.123633699e-5
.02741755477
.003406700463
.003965622393
7.588572623e-12
.01136138853
.01252871067
.004397414252
.007032730166
.009126683501
.01239533060
.005421810997
.005876988634
.005436106201
.003568955549
.03573588413
.006181060307
.02335387902
.006128118594
6.623055125e-4
.02280112787
.009980385131
6.399648690e-4
.01045356126
.01095865051
.01410759569
.003339564693
.02316992414
.008936723621
.003864542611
.005408567850
.01476354469
.005554496927
0.
.03052972453
.006349304071
.04848492539
8.545422487e-4
.01195288664
.001254968495
.02048723190
.005393883521
.001758324755
.009289116797
.01029166878
2.389560817e-4
.02524245640
.01350136024
.02197733344
.006324645056
.008874859235
.007250670195
.001018044657
.005641627856
.03852049883
.009471280414
.006308512499
.009348780247
.003784478005
.01418039473
.01115031966
.03328979743
.003518965552
.03318002716
.04120674179
.003948742129
.001448756551
.01604166632
.002595373360
1.873691190e-4
.02579258102
.01535979158
.01451934367
9.278822005e-4
.003747084720
3.993584359e-5
.006820733298
.01412130124
.002921425085
.02224791054
8.685506922e-4
.002967429040
.01555526465
.01259783434
.04067087662
.004003380723
.004504331036
.01864439507
.007124843842
.04372765063
.005668714491
.02299380027
.001631437856
.001905706209
.05142153814
.03668314819
.01399010816
.009852452727
.02671722651
.01011420841
.03916619932
.007510046862
.002554640784
.008986765358
.02392206379
.004527003857
.03757465457
0.
.01553005809
.006775802577
.01986003903
1.408123976e-4
.002618993369
.001528655711
.002117128514
.001832945265
.01103227206
.001578935277
.005204266140
7.640634054e-5
.001554638477
.005616916488
.01584237646
.004189596229
.001853432560
.01255384053
.01122833142
.03006027160
.001425830460
.005918646870
1.909085108e-5
.01750226151
.009357760158
.01287109078
.01138558671
6.954905860e-4
.004952390586
.009545191122
.008600386392
.001422945992
.006412409450
.01433053840
.01680364325
.006281652535
3.657130582e-4
.003112644932
.01324451070
.001606176360
.005958245664
.01594663429
.03562509033
8.591693672e-4
.004390523948
.004205107668
9.139009644e-4
.02610527939
.02335063251
.01252684266
.01929021262
.004583375296
.002428134843
.05423025777
.001878501626
.01579061167
.009933646856
.03191492041
.009408269492
6.217983934e-4
.005863386763
.02451337457
.007473493117
.004034294595
.01547213117
.04476363801
.01356734770
.002076358410
.01144874320
.01649628609
.005973278320
.05650418624
.002487648522
.03385167171
1.222020382e-4
.002039016704
.06395282595
.01205899741
.01405710823
.02144091449
1.253521881e-7
.04569490457
.07735168650
.004728428050
.007989442171
.005118341579
.02004516744
.004444109382
.005423706967
.01070554677
.004692202228
.003390505744
.01063658978
.004122258669
.04591050395
.001406047652
.009432574556
.001862945659
.004696095083
.02357817629
.01669420365
.01245853591
5.790991343e-5
9.227723695e-4
.004717526497
1.049161112e-4
.02221436109
.02281404548
2.702510495e-5
.007007025923
.02195729453
.007247520617
.01271470226
.01208466312
.007315678837
.008722939962
.01032007365
.01175409491
.008293258312
4.326640014e-4
.006310933314
.002315196487
.007389851439
.02602590368
.01109759977
.01445342831
.01065147291
.004810490899
.004278814607
.01300231925
.006723067064
.005756719881
.01427605071
.007631119075
.003150951813
.02894478024
.01750698764
3.287757603e-9
.001627528473
.003025258218
7.982856437e-4
.001593748211
.004980699591
.02760718526
.05949493641
.02429813144
.05479289078
.002752260397
.005384005308
.01254913734
.04745754592
.007551154480
.05291391713
.002210060073
.04747226699
.03518403061
7.279179480e-4
.005697304841
.03269441806
.007807283149
.07892938648
.05870677647
.01815815214
.01592021230
.03207907379
.02236961646
.007100421315
.02100709234
4.829736018e-4
.01053935218
.01946578575
.006423919384
.02484058799
.02245507274
.004917683523
.006232794736
.004647280785
.04148476740
.02894374909
.002571826157
.01612968199
.01326526617
.04904361306
.001153008491
.007974488829
.008850493260
.007037110368
.02143778551
.02403550071
.02118904367
.004704989461
.01565518609
.008650502438
.004231243346
.04518067824
.04587038191
5.381955115e-4
.004522804692
.004696823654
.005265612754
.03539459689
.01007122771
.008758302886
.02324937699
1.654198786e-7
3.644709318e-4
6.536194411e-7
4.105282781e-4
.005371731618
.03839316767
.03827784620
.009028610497
.01033053411
.008836618667
5.004075493e-4
.02368003911
.01319674793
.001170497601
.006358429461
.01468684335
8.666870416e-4
.002232977687
.08535059123
.01067156256
.04307732693
.02383320674
.02385901059
.01469743163
.02168245041
.04073932870
.01249054548
.06468589180
.04524862707
.02548173344
.03768503153
4.718256045e-4
.01746929299
.03162439384
.01885997394
.005421114839
.002175394862
.001865216960
.01993108476
1.778512550e-4
0.
7.354585747e-4
0.
.06214529752
.03021834413
.003541565411
.01985690685
.03452017521
.004427348905
.05457005066
.02799874043
.007639456756
.004207564258
.03827006378
.02882128587
.01029264804
.01131766702
.002320666812
.006463868576
.002880891732
.02116136545
.002356998572
.005710837213
.03729925907
.006977717880
.06092454474
.003181161753
.009163785687
.006071734539
.004230283130
.003815253136
.04785657087
.002995854780
6.128953109e-4
.01044852903
.04543815086
.01966756087
.02433191683
.02375874768
.02808852909
.04538465265
.002408646912
.01462936010
.02620709843
.02027644025
.008764527501
.008569781846
.02556737211
.09764480795
.01075999044
.004077353209
9.275570495e-4
.01363755442
.001608805998
.02601594948
.02009689803
.02217580309
.002161996124
.007289444199
.008370353855
.002789667531
3.657130582e-4
.04915791653
2.098227320e-4
.01053560150
.004509672285
.009445105939
.002053285492
.003079200210
.05521528152
.004496031737
.02760125104
.001419711747
.002766112449
.05973642158
7.172731683e-4
4.910254744e-4
.06128259572
.01194137352
.003040980540
.03118234402
.08208657696
.07310925471
.006921994842
.001727303789
.02737221266
.05496800246
.05230772464
.02346298975
.002842725895
.02576212782
.01192531710
.09427255032
.005638132956
.001022183427
.007160894715
.002119836008
.02857227429
.04502422149
.004727568200
.04283796944
.01469569211
.01085332118
.06553456574
.04019303016
.09374679146
.01595958653
.08206805816
.02425274922
.03836776077
.003075750602
.03732398922
.006277555999
.06407981419
.004264412458
.02042816139
.04906706432
.005334504951
.01338055606
.005569956686
.001271378829
.05827715987
.03429581770
.01141910464
.02758993690
.002338078185
.03939688920
.02078702266
.04143924103
4.705986490e-4
.01115942692
.07109256048
.01827587022
.003762129143
0.
.005315065478
.009067832151
1.858041195e-7
8.616631187e-7
3.596964361e-7
7.647848271e-4
2.485361432e-7
.009352309034
.004921729905
.04559311290
.05047388767
.004385625302
.001473118169
.007611051568
.002179462398
.004862360111
.002644930019
.05249530728
.02545989889
.07777929603
.02143748410
.03031182461
.01866715585
.007656276482
.009871475682
.01241928583
.06769345338
.01231668022
.002885409916
.09227459876
.001252548300
.01872648263
.02698500304
.004482399255
.03274332333
4.080920639e-4
.001493158077
4.116930332e-4
3.870581116e-4
.004974670271
.008887803862
.007095710082
.02212902217
.002775976839
0.
.001065209797
.005859811649
.02610414256
.02276954585
.001897440012
.03893499156
.01748147015
.01468208499
.03015880936
.03802620657
.01264396327
.01617147576
.1056895696
3.003598704e-4
.005898920927
.008767070679
.001068294958
.008709332321
.04239838317
.02024599821
.01989208800
.01714771841
.02185570509
.02193836552
.04854226839
.07888559848
.001341765509
.02591811772
.01776452253
.01534587147
.002102488952
.007415317887
.02476822220
.008779102211
.003008286839
0.
.008382917689
.03870471443
.006668322781
3.023008182e-4
.04000222038
.009563783895
.006311504925
.01958797512
.03455548939
.01124304054
.02611992314
.01872111449
.01315008830
.05031633389
.04732329801
.04767304379
.04166959785
.002941196168
.02623964143
.02447532230
.02997063692
.01008053246
.005885873637
.05535045526
.08011178771
.07925812387
6.605344123e-4
.005079909865
.01931253689
.009668467659
.004588713163
.05871844775
.003708587031
.05511296939
.04044334958
.007719704614
.004209915520
.008906207776
.03078414955
.02035582099
.007322743499
.01785046723
.01405198580
.05044589875
.01270317837
.006539972355
.01661989851
.02024384848
.01142566721
.006499858755
4.369129573e-5
.007447628837
.01486366473
.06928502767
.06593260046
.04613007189
7.164574459e-4
.02770026830
.03823246935
.003047001332
.03141485632
.01577427720
.005123338167
.01333954810
.02215816833
.005782318978
.01256656201
.02571498699
.03409255754
.1050340270
.01912724635
.001620409581
.01145897319
.04133555527
.02876044044
.01441184845
.03849624003
.007093097447
.01144717072
.03459272975
.008483303377
.03724191905
.01659592608
3.021047031e-4
.008659186681
.001780775782
.07530546871
.03224129620
.01319540568
.01913053323
.06383388972
.02344024386
.02960028668
.004804585177
0.
.001528882546
.04927142530
.01812487472
.01755764374
.009748357576
.02494494343
9.543818266e-4
.006567273199
.02957795131
.04575708181
.03022809209
.005175535875
.02173471502
.008141072296
8.063842514e-4
.001013328935
5.058288958e-4
1.354288188e-4
3.228649546e-6
1.501711318e-5
6.419517250e-4
1.345163833e-4
4.583055947e-4
1.476815640e-4
4.936469404e-4
.1100855519
.01871275464
.01030678929
.009563495721
.006134903896
.05616237938
.01063405311
.01588900046
.03669644604
.003073945765
.01610509254
.005010357535
.01054339660
.005907282116
.003110605874
4.108275848e-4
.008184874705
.004465295015
.01970995123
.02719282661
.01316334259
.007212993412
.006924264155
.01624150007
.01811593520
.007996639848
.02052216844
.009501683598
.01020924608
.02612000466
.006918795772
.003488350126
.02533582228
3.684432125e-4
.01001816748
.02493712121
.1108803550
.01733007452
.01268476914
.006580686279
.03551902727
.03557064883
.002770958612
.01555057741
.008865046822
.003645376846
.05397741622
.02158192312
.001116367350
.02541164937
.004455932161
.001082355612
.01319941629
.03959462954
.01680669317
.04115910878
.008293080477
.01228740565
.003697611911
.004896855056
4.003337631e-4
3.002930033e-4
.05303653525
.005954325379
.01192938153
.04297187979
.009471524739
.02817032151
.01688895629
.02118821310
.03481994211
.01296073246
.01113215082
.005227751148
.01938294909
.008161430252
.01012636338
.01746063402
.005215725719
.009403475499
.01607092047
.03452804452
.006570293949
.007218153257
.003087951729
.004021888849
.001694580510
.01561495057
.01265397125
.01178961300
.02316701573
8.864082659e-4
.003398810685
.002759750602
.01252840295
.02344267128
.005598933910
.001684516399
.02353883598
.002481606472
1.996971765e-4
2.620680876e-4
.05520817162
.008055818824
.002064435309
.01844933056
.05070138572
.02655857505
.01496744973
.006474475705
.02943421263
.04165136028
.002306332638
.03186044337
.004623571331
.006402333762
.03416511627
.003979268563
.01274072468
.003843409953
.001648415199
.003912061416
.03517873513
.06360807449
.01089450047
.07662185442
.002647990642
.04097281919
.03680446513
3.167723630e-4
.003586256621
.006609389288
.03436810335
.004942365675
.007202663986
.008209252957
.02251573675
1.189239539e-4
.02753056128
.001930876962
.04941289168
.008116052804
.01511506194
.03691735012
.008790601888
.03833267738
.03786375790
.01941900104
.01046444503
.04609204497
.01140346415
.001995696027
.01668128151
.02020967191
.05913541251
.004829533634
.01626344449
.07881804303
.007127933462
.01973159228
.005843654880
.04283218997
.01072828539
.04697921722
.006922802025
.001605282664
.04690339704
.02927766510
.02345761174
.02808520804
.001472843966
.002302956994
.04432159252
.006637581408
.02482957668
.002885852708
.06597579998
.03255517376
.01835561738
.01388495116
.01507726332
.01172432827
.001872314879
.001418735276
5.784581228e-4
.02108279296
.05203273238
.08523798678
.01714219306
.006539339381
.009113980445
.02309496711
.01895575880
.006305857252
.04474443911
.01754313761
.003849706484
.01460902307
7.050763666e-5
2.255736877e-4
2.691016999e-6
.001164910212
.01494581286
.003533974746
.03457231884
.003454285963
.08840793672
.003119137783
.02446885579
.01789084931
.03037042425
.04173010264
.02597601402
.008972378310
5.767859234e-4
.04078075718
.004425529031
7.457435126e-4
5.820047906e-4
.007180797686
.001701083806
.01619313789
.006910013599
.02117707531
.01694210548
.02607304722
.03311517540
.002764458812
.01128910684
.02622068184
.008614771990
6.995404879e-4
.003165736746
.009679415379
.01299273869
.01445222351
.07877047901
.03681983301
.003941849059
.04319031572
.03193881784
.03672842817
.01220140885
.04000160626
.01555121064
.009877332110
.006594389594
.002649044167
.002477806779
.005715997182
.002216142890
.01593482266
.02104092634
.02050448357
.03388138157
.005128106063
.07753942117
.003048883824
0.
.009036555874
.002628519432
.002155195751
.01229058538
.005232855523
.007235096352
.01970653233
.03517102730
.03979163353
.001115305861
4.855970357e-4
.002286854800
.01905555019
.02120840162
.01890658646
.02130018452
.007342654326
.04760012631
.04763597125
.05661374142
.05625115354
.001853088795
.001591251495
.004576332528
.01907102511
.02641515306
4.755865333e-4
.03291332403
.01848560455
.01217957927
.03104512292
.01574431485
.007264665771
.01657695942
.003074599911
.005124057127
.03469409703
.02300339411
.003426477918
1.619366776e-4
.001115905856
.009128777037
.009838865021
7.436616002e-5
.01693676218
.02127973737
.02087725510
.02120987576
.003369286385
.01141600218
.01322815639
.001545796269
.01126590274
.02804569521
.008976478295
.01602636092
.01551477502
.01966099134
.05722229318
.004097708624
.007441754683
.01351248542
.006471196300
.09179305725
.002508259037
.02099810557
.06410821088
.04809421401
.01749761195
.01632754673
.02915144514
.01279766209
0.
.02638671129
.002246580920
.01248607149
.01057122065
.002855911372
.02784814755
.007446720253
.02670205887
.02399759578
.03682742579
.003878157356
.02935015018
.002337312029
.02934692081
.01178344550
.01741211257
.03159647349
.03375922706
0.
7.354585747e-4
0.
.02449886269
.03247351735
.007235203648
.005500057897
.007705102940
.04375414495
.06959671694
.04908997056
.003424058691
.02827638397
8.802557706e-4
.02655492250
.01076032664
.01327097850
.01330338340
.008345285409
.002185315325
.008001601486
1.967912046e-4
.01259225371
.006485584991
.04547161106
.002272388735
5.751760942e-5
.02597142427
.01747479313
.01343225856
9.547209936e-4
.004576810373
.02723950924
.03705848026
.04544074734
.01491177719
.001868210295
.01158097333
.06124426016
.01269508914
.002855466194
.01080502008
.06142559604
.01703068510
.01108827868
.01870117068
.02160116885
.007997931451
.05725009335
9.988574194e-4
.003937963507
.005918733290
.02295050074
1.109619531e-4
.01407129198
.01494186614
.007627660546
.01239259206
.01948241397
.002250029479
.09674147280
.01930109357
.008033529297
.002402854916
.01511251827
.01852850626
.04520710137
.02368242672
.01315829335
.02492898732
.008062045044
.01119071745
.004418446847
.001507060952
.01395073864
1.685693398e-5
.03745307033
.005275945821
.07230146482
.03672612310
.007799560608
.02319802310
.006554609084
.01689901508
.05895930626
.002527244817
.05776187389
.01082491793
.001584513821
.01868403163
.007002117738
.005493739351
.005754691830
.008361979652
.006135866954
.01430876779
.005899947613
.02672639765
6.296077013e-4
.003270866197
.04841432692
.03065970963
.01540212468
.09511502736
.01892012260
.006407349977
.01614534780
.009429247772
.01525712834
.004538015621
.006948823872
.002133629214
.02208155337
.005697497944
.02108801293
.01894862513
.008641416440
.08223018327
.002235707238
.04744200147
.009669667889
.03656715526
.07491830256
.02077373031
.005489398470
.009815012865
.01606949260
.02517910319
.01990815084
.01698657568
.02251760207
.003800303141
.004705117212
.03513265120
.01734504100
.02762864704
.01453946904
.007750511919
.05561158534
.04591537605
.01200587524
.004641358798
.01245636861
.001895969891
.04370304752
.004102406037
.01370086900
.02028672984
.008031524830
.009141302134
.001097197245
.01324287741
.003594006054
7.334103679e-4
.03340459740
.02334748745
.03150906939
0.
.02509215661
.06519756891
8.446049760e-4
.03643407724
.002172396133
.005413456754
.04351298833
.01641468051
.01020099289
.01949099396
.02274187728
.001273845395
.04118688097
.01958360451
.04141414786
.005533771826
8.230372884e-4
.01198635936
.002477885966
.02974607891
.01113418330
.007104594915
.04934586488
.07372935223
.01691540826
.01530378454
.001434079987
.02503114785
.008033913030
.03687174291
.01770088386
.01218768635
.02141821794
.008244656790
.003605802981
0.
.001589682652
.03547672751
.06707332139
.01895974967
.03142969953
.007467424273
.01320636868
.002761151739
.02977931438
.004750726849
.009025315899
.004388122114
.004428802671
.004835879454
5.480662250e-4
.01622638148
.03769037835
.02086126505
.008251977068
.001213342870
.02024856055
.01046886072
.03535244350
.03630769546
.004350652980
.003027145692
.003629420739
.001614776399
.01970899112
.01331111988
.006958311922
.02715147770
1.774231097e-4
0.
.001621603403
.02909225334
.001732443058
.02299527604
.02801593275
.01691345958
.02826250142
.02480617421
.04482509729
.006693702226
.008290877398
.01316796825
0.
.03287198268
.002639294810
.002761749270
.1053004915
.03168221930
.03041880385
.008099730963
.001046155635
.01258760379
.01393599011
.01975377339
.002010201276
.007787106224
.01095376489
.01732960775
.003140645808
.01202658958
.04107500564
.02236643796
.03775548692
.04372680169
.004431525355
.04861258975
.04289882157
.05809478800
.001994022875
.08952896168
.006804777871
.004589938183
.007494006663
.04796082602
.03584050614
.01012489472
.001801726404
.01501206158
.03265314034
3.308676428e-4
.08245098623
.01464878880
.009536418372
.008751278642
.03135923443
.04650940568
.008159824492
.01934732583
.02165395328
.002580268027
.003269719156
.01573135138
.02353110553
.08052707950
.01621853238
.008560410821
.02834767250
8.485570043e-4
.006771308408
.01706235579
.02983341459
.004232017002
.002347471003
.02250438942
.03406493797
.03447834964
.02602658461
.007945576545
7.751068947e-4
.004661444855
.05472386484
.03395674236
.01107372382
.01516214017
.01157145581
.006014066656
.009038300319
.02180196361
.002739932533
.009065124605
.02681543948
.007908462512
.03531903067
8.842075643e-4
.02728955086
.008369728524
.03418951854
.01111178340
.01212085268
.03476135702
.01831310431
.01479853385
.002816054219
.01132151966
.01403430004
.008351885964
.001326010811
.05589007660
.008427321787
0.
4.588547003e-5
0.
.02911289761
.01496242987
.05935641912
4.290593721e-4
.02381411457
.003365987253
.004362880617
.01348420029
.05007953880
.01029712944
.01377486512
.02547545858
.01383323150
0.
.03417328577
.01470265753
.01973939639
.03658140954
.002540197263
.04254924746
1.593504462e-4
.04345141329
.1057255410
.005537221169
.007840435110
8.881271380e-4
.02162871391
.007213880624
.01914018220
.002607873281
0.
.01238900043
.008564277838
.01439344575
.008805829862
.01079696747
.001005290995
.007598491403
.02055220463
.003672556368
5.012181146e-4
.04318981393
.007438975453
.03869290527
.03875191251
.005152301934
3.448261955e-4
.006298305955
.01196805826
.01309690988
3.296667596e-4
.03335717815
.02397240690
.01231680453
.01812590195
5.272573552e-4
.008979623030
.006699662016
.003280019522
.005686453145
.003385523033
.004746865273
.01966847854
1.868204798e-4
1.797264297e-4
.04198863292
.01542321117
.003424175802
.003226794632
.007547940252
.1091343889
.01698863432
5.983223155e-5
.02438401107
.008292894162
.02031965400
.03493209407
.009488073813
.002795032277
.05540452386
.01424128974
.07388275621
0.
.02130398700
.01119024043
.04652426148
.08884259633
.01018401251
.01128629411
.006222692584
.02597121655
.001511735125
.02482397740
.01169880382
.007047751354
.001665160756
.02617807719
.01102620506
.06208398531
.01818357854
.08866484066
.005960332413
.002745532109
.009510946791
.03760829931
.02001879411
.02262748726
.01745578566
.009496697423
.006332548016
6.544286967e-4
.01682041603
.007422272088
.01321724820
.01580122280
.007344909121
.02882701830
.03011613323
.007374904856
.01768256827
.005656150774
.01418009669
.01265911003
.02338994897
.06862278642
.02069702386
.02149754233
.03899485165
.04241487196
.01853736322
.02946789127
.004856569840
.008726619391
8.860467195e-4
8.546735799e-4
.02536084808
4.670716383e-4
.005074128726
.01801400715
.05616970456
.03744567453
.03757537321
.01233635410
.01435861497
.04704227826
.01816216789
.008447096599
.05403992872
.03139579900
7.362701445e-4
.02014307203
.01944577214
.02116848546
.05112463566
.01443603079
.01577497141
.001647999043
.006550363384
.002021398033
.01342106125
.002625589578
.03660519782
.01050200244
.02554338696
.002472748271
.01427864574
.03983652855
.004774937045
.02082636619
.02361171007
.1192346518
.01395003882
.01408344946
.005100207663
.004462081200
.01277665977
.004495972742
.001950327038
.002249262281
.01006267892
.006574563192
.01149419750
.002072682065
.03057363873
.004696938594
.007033535509
.005959623383
.04372488751
.009240314137
.03149987049
2.025498436e-4
.005336335076
.01235093364
.01705127794
.04094661365
.007603512727
.01896214506
.1067365842
.001767558325
1.364568167e-4
.04417763804
.01138432544
.01261176777
.003567423545
.01510302257
0.
.02352889400
.02648459023
4.946531884e-5
.03644023967
.01848917616
.07077785200
.01585558245
.04103061923
.001073570448
.02447209915
.04462918856
.03750365114
.05109405959
.005161507027
.01218366614
0.
.06440761285
.04130160127
0.
1.373575414e-4
0.
.001406767180
.07766292287
.09825699812
.002832373561
0.
.06267308631
.07710268226
.005679898004
.05007517941
.02625745997
.01866739589
.03220426498
8.887519539e-4
.01888188483
.1251721224
.004451186665
.01844491160
.008653146194
4.052070559e-5
.03251695965
.05285906544
0.
.06761292497
.007216858864
.04371473045
.1134834549
.05481715576
.03434232845
7.202503495e-5
.01267068744
.01907032389
.03605483338
.01816095670
.002754437500
.06901046552
.01743291427
.02860098301
.02746755360
.002334666673
.1080331958
.04663269078
.03202803452
.06498765878
.003927524689
.03123003724
.003328315072
.01611168186
.06490590422
.06560463731
.002294601345
.02591159094
.006588655838
.03097802935
.03499145094
.03201951755
.06562883863
.007014980338
.02670266976
.01832038907
.03073546947
.07102977763
.09391185073
.05402853624
.08580382036
.02592783334
.003162514571
.02655400446
.001265893714
.05175436395
.04685581577
.01048847791
.04027871381
.05828000941
.01631376887
.005122819145
0.
.04950511957
.01087743996
.01188171608
.05073140345
.04576687851
.02218095904
.05640239360
0.
.008240642227
.1091732215
.1150668531
.01365115329
.1209979724
.003351058263
0.
.1958016632
.02280623331
.1268940968
.02553242107
.01255382360
.01000806433
.04416183615
0.
.03580903414
.008109236317
.01021806363
.003638041376
.009472760299
9.234128193e-4
.03178552928
.01776117870
.1667216535
.05217186318
.09007074855
.3324037352
.1002042546
0.
.003763894805
0.
.09766900965
.04891384175
.02434672191
.2366665068
.03913160420
.08462679329
.04248678863
.1592974018
.02236502836
.2529242762
.005391587356
.006865322368
.08700623928
.06108244096
0.
.006902544347
5.446192610e-4
.04231547034
.1567265221
.04661904717
.008476589572
.1073090670
.06993235247
.01513332231
.1009562028
.009751134309
.1326238972
.01391845562
.09937023132
.05641012398
.05411402926
.004239242633
.02792074819
4.312108817e-4
.1468474949
.1666722034
.04680877803
0.
.004009199747
.1680987358
.007344756279
0.
.06324328914
.1428849296
.02032273535
.002148145159
.01048553666
.1938560105
.01541343572
.2506591075
.05737348848
0.
.01377527089
.2244905573
.1415074523
0.
.1014400001
.07499355031
.1342230684
.04570695049
.007974708298
.05755652299
.2640689111
.04216249370
.2398500137
.07129689993
.01392089713
.02864071877
.07849709528
.1079586726
.02293225704
.1069769544
.05738868653
.1737400373
.1972586730
.02113000784
.05690847085
.09283909499
.06969634010
.3480745886
.09840873879
.07565931093
.05903320029
.01136346888
.06736994674
.1726757169
.003620621189
.09374711356
.1058774346
.02457417216
.1186323335
.4016761973
.03239853155
.4663870576
.04734742542
.09207998160
.3478190579
.09839183174
0.
.1902603243
.2186302127
.02295683103
.4197429648
.02974820814
.08744995406
.04643980706
.04287183847
.01098604819
.02530451968
.1429795652
.1120401586
.1026324379
.2911804085
.06792190023
.006942043567
4.424694799e-4
.2766239667
.2522094781
.05234104129
7.075624801e-4
.03984787999
.02169805602
.002777275007
2.757800049e-4
.01671586970
.006559513527
.02454247321
.3667109653
.05451332158
.006657718073
.07423421066
.3143652647
.008636889963
.6015291190
.2783415668
.1763357100
.01261978405
.007500307719
.1571695395
.07720577855
.05152298177
.01135682066
.06628845033
.3503955017
.1635612520
.01739577961
.003731397692
.09904853762
.03492791859
.03474992415
.5521900815
.2894528364
.1653993623
.03255417618
6.098205776e-4
.2633954944
.2574455252
.02188812765
.2459893164
.03984416815
.1858669000
.3833285440
.3134622060
.06831506295
.07101076217
.01163263256
.1641930569
.07227305297
.1967198819
.1099855076
.7809204416
.4398484813
.02707264510
.007928397840
.3165342008
.03832811431
.07678989894
.3326373855
.01622560390
.4076813004
.2816112429
.1777342395
.2641988578
.7239925556
.1809849708
.1968252504
.2592585617
.02759181622
.04445585515
1.185301221
.4965312996
.1169019373
.6176502934
1.722718880
.9574830165
.2332588901
.1467726471
.02628568222
.2735011628
.002414444929
2.066973026
.02829006964
1.020585902
7.825919003e-4
.3049472499
.4351373992
.1638190932
.1837999722
1.787679741
.1693605988
.8743370392
.4345598021
.7015560836
.5817641887
2.533031703
.6294579425
1.821738325
4.978611366
0.
