3168
4228
3423
2748
3569
4083
2773
2767
3903
7361
3308
4564
2778
3099
2787
3892
5303
6724
3313
3148
4006
2791
5427
3045
4639
2124
2872
2422
4525
2193
3538
4119
7005
6028
2622
4543
2883
4640
4471
4260
3574
3468
2914
2079
4157
2807
6396
2980
2129
3801
3314
3302
2279
2927
2389
3404
2322
5311
2770
6759
3135
4010
5091
4816
3651
2869
4883
7192
2648
2478
2903
4469
4802
4209
1811
3151
3493
2793
3522
3373
5379
2235
3279
3060
5656
4417
3565
3032
6964
5529
4632
5938
4792
1764
4672
4817
3113
3648
2801
3235
7025
3054
3372
3349
2818
3723
6158
4266
3408
5641
4059
3020
3317
2974
3389
2891
2494
5598
3288
6887
3465
3559
3904
3926
3044
7199
3106
2959
2470
3506
3441
5505
2450
5487
2267
3414
4779
3613
4366
5372
6163
3607
5353
3296
2689
3886
3519
2931
3026
2761
1956
3382
3402
3086
4998
3269
5748
2271
3464
3635
4012
4256
2144
5045
6622
3227
1984
2369
5050
1763
3912
4019
5903
4061
3149
4230
2822
5431
3039
3755
2401
2499
3690
2924
2942
3176
4732
3237
2843
5846
3201
3922
3490
3678
2867
4847
2929
4735
2186
2948
3494
3726
2817
3532
3603
2794
3215
4425
3264
2603
3120
3921
3993
1988
3940
3200
2909
3136
3477
3834
2452
5464
3739
3497
1857
3080
3387
3154
3496
3011
3932
7322
2970
2115
4519
2839
5689
3315
2968
4077
2873
4507
4685
5191
3015
2142
7157
2708
3584
7178
3290
3281
6526
3219
6796
3321
3390
2834
3437
4599
3829
4065
3672
3105
3838
6761
3550
3012
3431
3460
3108
4154
3882
4305
4283
2502
3191
3334
2811
3172
4447
3902
3345
3143
3662
4439
3920
4331
2693
6651
3010
3042
3263
3823
3735
2972
1916
2474
1912
2820
3612
2850
3130
1836
2658
3673
3240
3668
3581
3696
3809
1653
6207
2840
3734
2717
4934
3481
3452
4824
2861
5805
3640
4490
5925
4531
1833
4388
3057
4872
2749
3461
3216
3223
3608
5077
2954
3590
2002
2051
4960
3740
6583
3247
3474
3378
2918
3104
3208
3606
6608
3562
5851
2544
2541
4273
3179
2849
3521
2008
4133
2294
3142
3439
5405
1655
6892
6238
2676
5743
7113
7018
4642
3602
5392
3807
2900
3304
3459
5003
5111
2945
2711
3088
5129
2697
6011
3743
4805
4650
1618
3593
2236
6239
1999
4609
2856
1615
3638
3436
7246
3451
2266
2518
1678
5115
4397
5420
4718
2680
4487
6766
3791
4361
2776
7243
5796
3101
3358
2754
4562
2359
1695
3830
4533
3936
3938
3173
3959
6233
2062
6319
3527
3035
3533
2946
3529
3610
3794
6437
4548
3246
2033
2063
3170
2871
3092
2408
4615
2928
6067
6819
3917
1734
3599
3730
4747
2992
5321
4502
3059
4163
4196
6859
4205
4323
2720
4520
2504
2035
7063
4317
3150
3311
4117
5684
2700
3061
3034
3888
5422
2939
5434
4199
4195
4362
4190
4348
2704
2086
3242
7191
4315
2320
2134
4349
2938
4537
3654
3520
3183
6131
6566
3770
4232
2093
4040
3027
3632
3567
3511
4430
5428
6254
4413
5425
4123
2458
5787
4379
4367
4441
4365
2784
2098
3295
4694
3757
3751
5575
3340
4481
6144
6779
5151
4962
4637
3546
3052
3767
2383
5734
4148
4464
4151
1849
2102
3133
4318
3689
3473
4983
1957
6408
6627
2548
2155
2501
2721
5073
4069
3660
2284
2584
2559
5316
2083
2519
18
2459
2583
3704
2539
4224
2067
1812
2581
4166
6237
4601
4831
7084
5201
6251
5740
6797
1354
5940
6247
4547
4180
2774
4159
4327
2417
2601
3913
4104
6231
2674
7303
4754
3128
2032
2514
6140
5142
4436
2638
2059
1884
5731
2549
2568
4074
6712
3796
6334
2855
4336
2125
3576
5419
4178
3517
2368
7301
2159
3488
3671
5265
100
2168
4321
2941
6246
4845
4115
5455
4341
5566
4620
2618
6820
4075
4558
1752
2057
3605
2211
5144
5025
3535
5586
7019
4330
3722
3073
4946
4271
1029
2951
3774
3962
2056
7181
2632
4408
5026
2557
2022
4335
2080
2420
3277
2412
2582
2357
1899
2196
5616
2978
3180
6114
5441
5559
3348
1719
4011
4189
4005
4223
4376
2678
2995
3579
4788
2835
2081
2101
2617
4342
4593
4399
2722
4716
4116
6890
3017
1691
4657
4201
2606
7299
2006
2003
3312
2796
2335
2540
2572
2315
2662
5658
4058
2671
4758
2473
4546
5368
3353
3082
2687
3832
5561
3976
6308
4830
2330
4776
3463
3454
3466
2069
4121
3849
3123
5417
4793
6919
3251
3746
5678
3657
5394
1966
2896
2935
4606
4679
2123
1989
4370
3109
4714
5437
3676
4852
5659
2454
3861
2790
5737
2116
4186
6544
4122
5195
5781
2750
4454
1774
5473
2486
5519
4302
5470
2637
5465
1905
3275
2105
3467
2542
4239
6071
3182
5140
2317
6750
7068
2609
3298
5761
3021
2078
2205
3177
6433
4587
3016
1940
3141
2137
3455
1951
2719
7143
3611
2550
2082
1854
3863
1759
2915
2075
6824
4217
6953
3588
4457
3596
3355
3783
4790
4203
4634
3515
1885
4268
4165
2319
6472
2857
2460
6170
6217
2400
2588
4515
5248
6484
4744
2138
3870
2990
2128
3855
5160
3677
2026
6549
3604
2630
2089
3040
3351
2933
2578
6134
4219
6992
4179
3955
3053
6240
4193
4015
2868
3848
6373
2677
4569
7260
4416
2339
1757
4989
4289
2488
2564
2560
3711
6754
3867
3194
4930
2419
6234
4678
6042
2485
2573
5516
2326
2045
3398
2323
5192
6258
2567
5479
5438
3377
1727
4440
4766
2816
1622
3732
3250
5013
4191
3175
1716
6996
2685
3396
5439
3986
6241
2730
4728
3736
5986
5547
2760
2605
4418
6580
2701
3512
3342
2498
3675
6052
6833
1696
4185
7154
4964
4364
2986
4968
2631
2448
4702
2030
4004
3534
2667
5442
3062
4580
7284
4675
5636
3828
3895
2718
1796
2702
5413
2592
1993
5920
3716
3947
4404
5512
3359
2527
5459
6702
3843
6483
2050
2104
2203
5591
3085
6169
1824
2370
1668
3199
1882
3776
4343
2551
6948
5701
4466
5324
3252
5052
6597
4462
4202
4479
5361
4762
1640
2810
2996
19
2024
2324
2204
2307
3218
85
2313
3961
4969
5873
2967
3332
3793
5723
3365
2905
4463
2139
5287
3949
1910
2372
2461
4815
5410
5141
4504
3652
4804
2443
4242
2413
4791
4705
5202
3893
2065
1738
4759
2277
2724
2165
1679
2595
3600
5135
2118
3487
5022
1722
5339
1782
2668
5880
5266
4575
3972
2652
5370
2526
3702
2332
3773
2616
2355
5367
5588
916
1639
6345
4652
5299
4886
2785
4508
4120
1888
4326
7318
6022
5768
1762
3379
2496
4990
4144
1646
6842
6347
5866
5416
1918
2624
2838
3124
4200
4357
2170
5165
2217
2691
4306
2221
2156
6896
2164
1848
2061
2878
86
4624
4855
2577
2743
3499
5560
5474
2121
5503
6793
4147
4727
2415
1794
2864
4555
2095
3954
4470
2910
5028
3303
3963
3140
87
4114
6596
5764
5132
2619
2472
1701
3337
2398
7311
2614
5054
1834
2249
1744
1784
2672
5443
2934
4719
4458
2824
1800
5186
7345
4432
3752
6260
4506
3741
3645
3213
5558
2014
4530
5565
7091
2399
1677
5227
3703
3508
5749
1703
1710
6329
3787
2870
3713
2789
3139
3425
2147
4536
3879
5536
4377
4373
4381
6243
3048
6885
2728
1643
7058
5205
3970
3207
3380
5208
2947
2611
2952
1659
2353
6200
4579
3788
7239
3126
1906
5222
3185
1852
1902
2802
4461
3005
3896
2732
4823
5358
5406
3047
3029
1753
6623
3831
3457
4859
4645
5867
2963
5072
4799
3524
6533
4544
3785
2886
1675
1669
5767
5498
3618
2258
3646
4755
4797
6332
4570
1788
4384
2620
3556
5134
2771
4238
5381
2738
3510
3626
4991
4646
4090
6661
4535
4573
3209
1797
4550
1746
2141
83
3836
5139
2411
7351
1755
5325
3877
5741
5085
2140
4496
3243
2530
5518
7078
2633
5398
4227
5463
5760
2475
4725
2664
6634
4177
4540
2727
2177
2386
2071
3928
2654
1611
4971
2520
4473
3883
4851
1699
4060
6993
5467
5360
3817
6256
5570
3839
4056
4532
4072
1908
4972
2206
2506
2252
4783
3753
6121
6835
2336
3798
4254
4605
2146
3430
2491
3331
1809
2726
2621
6588
2591
2247
2615
4270
5771
5380
3274
2522
3952
1815
3950
2047
4308
4595
2634
2444
2453
2977
2533
1700
5307
3874
3273
3166
611
2610
2114
3077
3116
2328
2215
2764
4168
6910
2466
4126
4554
5773
4347
3306
5944
4628
3224
3371
1917
3772
3756
3700
2565
5051
5481
2231
4769
1721
2286
2406
3089
2489
3564
3299
6851
2590
3998
5336
3589
3814
1771
4907
5445
3484
6705
3163
5366
5492
5126
3754
2220
4124
4452
4280
2432
2848
3995
5460
1946
4870
5691
4598
4422
4497
1672
4750
4489
4610
3850
5081
5668
2150
2387
6575
6296
5823
1731
4509
4813
2940
3458
2262
5083
3428
5364
6335
5494
2113
5053
6923
4643
3769
2833
6275
3683
3637
3067
2528
3630
2991
2600
3245
3385
4545
3910
4287
229
5884
1690
1777
2906
1761
5224
4027
4501
3415
5241
394
5423
2042
4730
5228
3642
2629
2064
7102
4468
2188
6988
4008
5491
4922
6951
4833
2199
3479
1637
2445
2884
6227
2656
2923
6125
2673
1682
5556
2782
6259
2053
2169
1919
3941
1931
5727
2832
4493
14
5788
5199
4722
2318
21
5234
1787
2117
5921
3074
1687
2433
4689
4022
7111
2111
2197
2860
4292
4258
3980
2739
2154
4208
4741
4499
1922
5218
5330
3333
5143
2331
4973
3649
5304
6581
4623
4912
1790
1823
2859
3639
2713
3953
84
3129
4720
2161
4733
2944
5293
3891
5408
4307
2956
3580
3650
5064
1844
7264
1845
7263
5146
2379
5047
4835
7294
5490
3760
6175
4351
2525
7359
2729
1837
2381
5489
3553
2352
2178
7208
1831
6264
5776
2230
6729
2831
3835
3799
5448
3230
2965
1772
1660
2298
3338
5506
6276
2343
5924
4068
5175
2023
475
5803
1846
4387
1704
4420
4975
6512
3397
2367
3256
3220
5763
3699
6557
5660
2921
6269
3914
7344
3631
1914
3478
3028
1996
6004
4311
3592
2246
2561
2926
4896
1786
4226
4795
2362
4035
4048
3779
5267
3698
2290
4794
4089
3617
4029
4866
7244
4695
3272
2437
1623
4553
4567
1903
3008
1714
4063
2289
2397
4402
4666
3942
3656
4752
5138
2655
2594
3329
5621
5200
5792
3485
2250
3368
5675
6531
6806
1751
2604
6046
1730
4216
4096
1645
5807
4197
5844
4103
7129
1861
2223
1745
2500
5137
6270
5453
2598
5226
3971
4316
4492
1680
2854
1750
1083
4398
2827
2821
2153
2347
2492
5515
3997
3007
2380
5752
2351
6657
1773
2402
1689
5468
2157
4565
1873
5242
2877
4299
3822
2731
4204
5608
1859
4614
3103
4864
1981
2682
4861
2456
2007
3063
2863
3624
4947
2482
2403
1808
3419
4518
4145
4229
2327
2666
1781
6230
5746
7336
4586
5347
4391
6744
3808
3442
5484
6154
4511
5720
2844
6196
4746
3262
2001
4514
4661
3112
2569
4680
2893
3388
5252
3655
5295
2529
4867
3862
4241
4868
3518
3789
5010
4596
4494
3786
1033
2741
6103
1594
4079
6625
3098
3392
6649
6808
717
2955
1603
3503
5774
3198
2375
6374
5497
6262
2245
2066
4961
5533
4245
3935
5145
4421
5765
4181
3609
4772
2681
5738
3984
6225
4028
4406
2405
3991
1628
1874
2094
5178
6245
5182
2759
6414
5595
6799
1688
5158
7354
5786
3417
6562
380
5522
2421
4993
6629
5206
4353
4821
4136
2819
4095
2647
4904
7340
5798
3292
4474
2763
5454
3137
7194
2311
4023
5012
2338
5102
6945
2663
4234
4984
3003
4263
3410
6388
3239
2202
2304
4053
4677
4368
3070
2745
4921
1928
7349
2593
5148
3492
3203
1748
4261
5127
3944
6278
7278
3682
4456
5117
3549
2780
2997
6090
5831
4591
2392
6068
5095
3692
4940
2416
6426
5870
4125
2428
4665
2049
3858
6203
6314
2608
5979
2212
1636
2226
4250
3684
4583
1709
4328
3093
2214
4994
7338
5795
5742
2812
5724
5084
4761
2881
6563
3033
5815
2723
2570
5482
5008
2431
2543
4923
3837
4231
2376
2752
3174
4118
1855
3407
4374
5001
1820
4549
5071
6515
5915
6400
1992
6107
3186
5409
3147
6268
5606
2342
3316
13
3301
5674
1890
1736
2640
1725
1893
3868
2481
6624
3897
4081
3197
2446
7201
1869
2259
7348
4600
5609
2025
6263
3286
4401
4382
2349
4443
4517
5548
4908
5334
2966
4293
2626
4066
6420
1841
2826
4653
2281
5735
22
4109
2187
3586
4827
4920
3665
2846
1819
4917
4576
5918
6244
4902
4110
3641
4014
3688
2070
99
2276
5066
4691
2275
6730
3241
3217
2344
2038
4453
2282
1617
5292
3720
3900
3117
1925
2907
5662
4140
2451
2880
5352
6292
5568
5574
1694
2649
4503
3282
1895
4753
1664
6272
5019
2040
4936
2699
5177
4843
4428
6446
5496
4476
4171
5168
2596
7099
1962
5302
6558
4574
4264
5006
3820
2442
4257
3097
4248
3898
5645
5635
3929
5739
3802
5114
2087
3261
2009
6613
1880
3714
3803
4709
7052
5123
1658
1667
6098
4982
2039
5778
4438
4654
20
7070
3536
5726
5058
4618
3977
2173
3833
1972
3078
5708
3254
1776
5107
5099
2340
3804
6266
1626
3438
5712
81
4274
5305
4213
3742
5401
2393
3989
2657
4703
4400
4539
5791
1434
6971
5032
1862
4819
3169
5753
5210
2285
1937
4656
4152
2019
1642
1374
1818
2999
4312
5078
4086
3155
4393
3127
3444
4358
6600
1826
1657
5794
5483
6124
5113
4825
4844
4837
5326
6538
1662
5919
791
6176
6783
4798
5849
2705
5215
2447
4981
3335
5850
6283
3087
1877
1379
6617
12
5378
4183
5637
3747
2283
3434
90
5543
4521
1867
3375
5056
4999
1875
3526
2345
6785
2314
6077
3386
1022
1970
1870
4878
6929
2901
3701
2579
4105
4889
3812
4663
2781
3737
4026
5306
4950
1747
2145
1953
1930
4810
2985
88
2167
6934
6610
82
4039
2175
1634
5087
4003
1620
6128
3725
4651
5961
3842
5523
4137
5632
6273
6671
3401
3844
3231
2641
6362
3825
1768
4676
4243
4000
1920
17
1564
6587
6505
3324
2964
6072
2172
5521
3530
5718
1499
5451
2224
3187
2885
3226
5928
1241
5996
2119
6421
5259
3409
3620
7112
2303
5449
4916
4054
5775
2388
2219
5978
140
4696
3181
4693
3827
4259
5472
4967
5209
2808
4130
5471
3685
4571
142
4465
6310
4619
1053
5216
2036
4774
5349
3041
4300
1621
1842
5346
2131
4955
1900
6653
5755
4485
3992
1652
3285
2477
2795
4255
3228
3253
6093
3482
3354
6122
5917
3095
2463
4858
5509
2052
5999
5452
6678
4629
3681
118
682
5402
2183
4395
7027
5461
4941
4332
4033
1627
4080
5341
5601
6973
4979
4372
4088
7328
4781
4822
3440
7064
6402
3707
2798
6379
1705
5612
6337
1827
4129
4108
3572
4856
3050
3450
3931
4411
7256
2512
4780
1798
2510
4635
3115
7346
7362
3761
6282
4630
2239
98
5343
4667
4713
5004
6471
3578
5730
2651
4134
2913
1604
4876
5041
1829
6568
5069
2088
1991
5802
6323
4939
4505
5604
4953
5246
5020
5579
3745
1821
4236
6034
3560
4102
11
3680
7196
3326
4087
141
1638
3018
2099
2060
5038
1770
5194
4495
4988
3568
2227
6130
4660
3797
4314
2225
2229
1742
4764
6773
4841
1665
7013
4919
5623
4942
3058
4935
1712
6316
3448
2242
4789
5344
1697
4419
4252
6100
4997
4658
6912
3643
5109
1686
5335
2233
2688
6619
2325
1360
6621
1602
7105
4459
6265
6611
4009
1739
4018
2957
4085
6984
4051
3981
3399
3851
1891
5255
1684
5397
5002
1865
4698
1670
6148
4423
5754
5176
5694
6663
2694
4692
759
5044
3305
6615
6279
5128
1932
4198
5710
4062
5654
7085
4910
4449
2046
3310
1605
6351
1238
3023
3507
4894
5618
5213
5285
5310
6616
4937
7021
2976
4128
4849
5440
3065
5615
4329
4309
2012
1711
4498
3014
89
7358
6539
2769
4885
2097
4247
1606
2291
4153
4262
2216
3629
5297
5169
1240
4877
3999
4403
1863
4895
7097
4092
5039
5055
4173
4707
1792
3810
1847
4699
97
2143
6126
5750
1651
2814
6382
5065
1779
4161
4581
2882
4156
5576
4294
1934
3907
3352
5714
1630
2589
4319
6870
4160
2096
605
1616
1933
5403
5328
3857
1804
3710
6021
1074
5243
3347
1866
3192
3966
756
3244
2312
5219
4742
6584
2310
3634
4926
2390
4584
4842
5804
4773
2132
4638
6298
3826
1614
5456
3426
5681
5179
2895
4888
4032
2613
3633
5288
2497
2786
2894
5198
6817
6895
5262
2922
4167
4957
5108
4143
6301
6706
1681
2960
5232
2274
1048
5300
5642
6687
6607
4918
6556
6507
3965
3383
5633
4235
10
1321
4820
5230
2385
5247
5653
2912
4285
2457
4215
6353
15
6658
3994
6496
5756
5563
3422
2987
5318
1052
4901
5240
6202
3712
6982
3212
4688
4717
16
6733
7357
6546
5116
6315
6397
2803
7004
4275
2521
4582
5033
1612
2257
7048
2269
4182
5485
6734
4279
6342
2209
9
1
5
4840
5507
5486
3674
5340
4149
5173
2874
7047
7355
1601
1856
3248
4526
2792
3583
2200
2085
1649
4483
96
4277
3196
1666
4301
4188
4771
2508
6959
4928
5706
3901
2194
5009
5221
3291
1644
6628
4777
3309
5613
5031
4034
4091
5511
4067
7219
4396
5027
4303
5121
4929
4435
6363
2507
4674
6522
6492
1810
4113
4477
3391
303
1807
2029
5711
2800
7353
6555
4959
6428
4931
5432
6978
5261
7306
5260
5411
935
6320
4356
5685
4882
3709
6356
6229
3764
3152
7130
3790
79
4706
6348
4952
4892
5581
5577
6495
7151
6827
5086
6589
1050
4899
5187
1973
6836
6605
3983
5042
6916
4594
6177
5703
5331
846
6738
5014
4139
5214
2962
2074
6466
1043
6537
1024
2136
6535
7223
4429
3205
5664
7150
2191
3418
5705
5499
3890
5256
5046
4451
3930
5469
4
7
1157
6132
3002
3846
3202
7258
8
29
5183
5268
1840
6190
4836
3328
1839
2309
1023
6642
6500
2471
5290
7287
6559
2756
5354
6257
4296
3544
5345
5648
6504
5076
4284
5092
4890
4673
4221
5317
4914
1288
6360
382
381
4874
4682
4297
5501
4220
383
604
5758
5016
603
1693
5374
3679
5716
3297
5249
2645
2897
5018
2148
1858
6901
7289
5319
5007
2174
4880
1049
6513
5313
4380
3280
6326
6371
6249
6327
4542
5283
6494
4807
6950
4169
5816
5184
3221
6321
7072
5644
2932
2373
4346
3138
2149
1939
6143
6567
3462
7134
6553
5119
190
6701
139
2429
4963
7123
6361
5237
4965
5351
4472
5669
6853
4970
5269
6369
6333
72
1740
4298
6550
5680
5679
5125
6343
5342
6902
4041
4210
6215
2260
6856
5150
7343
4622
3160
5580
2210
5524
4906
6285
2016
4272
2998
5673
5672
5688
3068
5457
1801
4879
2037
2898
5585
6520
1799
5048
6490
6341
5762
5067
3528
6506
5782
4891
3738
4737
6352
4905
5188
3957
5174
5931
5289
6322
6631
2133
6219
4138
2555
5665
5197
6534
5167
1871
6380
5333
5276
2465
3841
1835
3541
3049
6594
6365
6618
6338
2348
2207
1567
6
2993
4433
4806
809
3079
4281
6560
5185
6346
75
3456
5154
5847
4708
2218
3159
6339
4767
1661
1949
2162
5649
2185
5952
6498
5415
3686
4954
4170
5709
3975
5817
6226
4893
80
65
2295
6355
5220
5245
5278
6133
4933
3856
6385
606
4951
6372
1610
3925
3486
6626
3495
2670
7107
3268
5156
5578
4013
5970
4647
7089
5810
2391
6516
6570
4611
4052
5569
6325
6312
6435
6242
2490
5527
4701
7065
4405
379
6547
7176
78
5301
59
602
138
6209
4099
6410
5030
5162
3433
3096
6664
6288
6357
2707
5504
3731
6330
2692
106
6905
2208
4527
3784
6599
5273
6487
3813
58
6331
5130
6509
6980
4662
3951
46
6666
7061
1904
6493
73
5647
5780
1963
2333
4482
5785
5926
6376
5059
5170
6941
2715
3367
2435
6401
1943
2108
6554
6001
67
2777
6585
4304
5530
5514
2127
2597
5663
6391
6578
4966
3911
6503
2950
3225
6381
5444
6573
2988
4162
6501
5161
3121
6955
3362
3557
3293
4700
5829
1942
6771
6080
45
6445
2455
7341
5281
5682
6635
4765
62
6633
7309
4386
2015
3908
63
4044
41
95
6440
74
6514
6545
5356
76
5784
934
1683
7060
6136
5238
2237
71
4572
6378
5947
5666
2765
6572
4194
6038
3318
5089
5820
1698
5275
2524
6405
1832
5593
6377
4383
6525
28
4613
4809
2234
6395
2440
5890
7094
923
137
2254
1713
7356
6404
2483
5614
2011
5818
7087
4887
5841
2875
3289
6328
1277
5882
3916
6636
2562
77
6519
5650
2263
4107
1440
6089
6586
1813
4442
7090
4135
1715
2653
6436
3811
6438
899
850
70
6441
64
6981
5279
5528
61
5023
56
6527
6511
1961
4784
5100
4985
538
110
4956
5382
504
6006
1860
6427
507
48
2034
5848
6252
5476
776
1941
3055
5508
6406
3666
57
6960
1830
5097
3934
3937
3480
6291
7266
1283
5693
53
6183
66
54
6392
42
3555
60
94
1723
5274
6598
30
385
5373
5950
5779
2181
69
4839
2779
2306
5824
2005
2308
6969
5388
40
272
6403
5983
38
2017
6517
3715
6961
3369
509
6528
6957
52
608
1944
5079
68
3594
6480
5690
3727
5797
4512
4426
25
2768
4246
5396
51
1737
1929
377
2696
4854
3939
91
3625
2255
3570
5157
4064
5622
3978
2043
108
5624
5626
2788
3025
7092
5825
7255
5365
2503
5036
2238
3167
6475
50
5744
506
464
5827
5842
512
5363
5697
107
111
5651
2280
2837
3131
4884
1337
6443
508
645
5704
5700
5702
5941
4354
6359
5404
3
23
6151
514
6478
4948
511
386
55
510
1531
4002
2305
5546
5390
3525
2270
6429
34
2273
4359
39
1987
5600
33
93
6942
6430
4978
6286
43
3990
2004
6986
3871
5958
5957
7119
6937
2686
5692
5393
6601
2
4522
27
4909
1075
5542
5531
6419
4585
5904
7098
5853
6943
35
5638
5538
3622
5088
5828
5840
5836
5357
6185
24
5164
5112
47
4480
2091
7082
6954
3705
5808
3864
2973
5998
5830
6763
1985
5747
5068
6735
5953
5671
1979
5631
5103
5629
44
3792
136
5876
6274
5832
3819
481
197
36
3204
5960
5845
515
6411
7079
5592
5190
2296
5719
5594
186
4559
2103
4390
32
5149
6949
5852
3188
6963
3781
2464
4097
6958
5954
6409
6015
5722
4976
7262
516
3749
6423
5348
5863
1365
2361
6082
4212
6417
6938
6289
3775
5596
2300
3943
5897
92
2426
5997
5939
2586
7320
6449
5535
7054
3395
5477
433
3881
6715
3156
3320
5766
5639
5557
6459
2983
7086
5966
3416
6005
3670
6840
4589
2852
6946
7104
2232
7071
4857
5070
7314
5837
3945
5204
2299
492
4943
5973
5872
4734
1635
6019
5855
5963
49
26
6952
4863
6029
5932
6311
988
673
2000
6970
6794
6027
170
4313
375
5967
6457
5858
6458
135
6109
3663
3164
5332
6025
989
3270
5657
2048
505
7066
1676
3325
5934
5995
4324
3449
31
2646
5911
2495
1994
5676
7081
4636
7108
5597
7270
2636
5383
371
5913
3973
3144
5620
6422
1717
5532
429
5898
6036
6966
5136
5969
6003
5990
5993
109
5972
3356
2434
5959
6665
5541
6473
5080
6812
5599
5534
7069
426
6186
6160
6418
6752
7076
1498
3158
496
37
2695
7020
5510
990
6384
2908
5603
3859
1868
2553
5814
4036
5696
4415
3122
3071
4617
7248
3616
112
4687
6448
7312
4588
7313
6965
5971
5865
2244
672
2180
526
6915
5874
5120
6682
3046
6508
6917
521
3211
6024
3694
4175
6208
2122
527
6030
5881
2665
3872
522
1465
6358
3278
1980
4334
4704
6451
2716
1211
5826
6023
5878
3265
6944
5371
169
5935
1343
5883
903
6476
6974
3795
432
2799
1978
6306
372
2575
5212
4385
1591
4626
4592
4669
5426
1789
3366
2166
6424
6571
168
3759
7096
6749
6187
7095
424
5869
6933
3234
6947
3412
6031
5871
5549
5942
391
3153
4818
5258
7050
5976
6184
6977
6595
6205
7053
5359
6683
3561
5544
6889
6972
6685
3258
6935
5980
1729
3865
3869
5005
5589
414
7023
5736
3778
1952
6318
2558
6689
3435
3229
6033
6213
3889
5977
3571
530
7286
3475
2949
523
1775
6191
5153
7067
6413
405
1497
5949
1469
3343
113
5887
985
7045
7007
4745
4913
2272
6188
3615
7307
1967
3363
6037
6159
671
4796
6415
3114
5699
3563
6764
6532
374
6450
3322
2772
6105
4184
3923
5879
6700
6166
6760
7228
2374
5587
5902
5155
7055
2438
6928
5553
3816
531
5035
430
2171
6047
5922
5894
6064
2243
7319
4016
4625
1986
5886
4225
7038
5424
5282
1793
5943
6398
6178
5133
4174
6120
167
132
6309
7024
393
2476
6201
4812
501
6442
6180
3001
3566
6375
1036
4865
166
2394
675
7074
7006
395
7026
4763
6748
6194
3717
5975
6220
518
4434
1947
5180
637
4288
4697
3860
1577
5584
4846
6060
1175
1975
3539
5945
5833
528
2135
3695
6718
6716
6751
4566
3653
3100
4721
4043
4616
4832
4826
525
6189
7310
6007
5889
6681
908
6741
6985
389
6477
6743
6784
5857
535
5152
6638
6210
4510
6694
2130
6920
6009
6987
3403
520
3967
5721
6931
410
6152
6416
6976
3658
5327
196
5888
6012
5272
6050
670
3283
5551
7051
7049
6564
5759
6737
6765
4111
4808
7295
4038
7316
5984
1466
519
5375
2892
6127
4290
1502
5000
7315
6732
127
6299
4214
4025
7028
6182
6164
1592
532
2240
7109
5729
2077
6680
6387
6043
2757
7147
6686
2054
4715
6010
7293
3259
403
5896
5447
6757
392
134
7298
5257
4944
5906
3505
2971
311
3852
4352
6894
4045
7016
6798
4664
114
388
5715
4375
7141
6983
6044
4073
6768
6924
4778
5517
5683
7012
2876
5362
7106
6020
5211
164
6640
7179
2222
6118
1298
6767
6688
3818
7008
1706
6223
7304
6846
2297
3090
5430
6165
6000
5962
5989
1445
2424
684
5309
6452
144
2044
6637
533
3350
165
677
6204
3030
2612
1080
4249
195
4814
2028
5951
6747
679
1500
1367
6762
6303
3728
524
1983
1997
6524
5789
4756
6053
6780
5948
148
6576
397
5835
2899
6979
1881
6026
6444
5488
5458
7041
6989
101
534
6753
5384
6772
3370
5891
1137
6049
6543
1765
6168
4338
3145
6045
6032
133
4644
7010
7003
5159
4176
7279
2511
1505
3165
5800
2021
6070
2423
1633
6155
5991
181
3878
4448
6530
6218
146
6677
5916
5446
847
4431
5757
1964
2536
1495
4690
2179
5074
6460
500
1477
131
4853
6137
2531
2479
370
6898
6921
6659
6198
6691
5407
5914
517
102
5337
6300
3193
781
189
6991
5539
5670
1974
2635
4042
6641
5436
5893
2887
3134
6171
5554
1480
2982
6674
5987
6214
1878
7317
2994
2436
390
3509
6769
6368
669
536
398
1489
7030
5793
2228
7330
6041
6774
6770
6731
2487
6456
6684
5270
4282
7296
6197
6693
6755
6497
5277
7036
3066
1467
1814
6224
1474
4834
5043
6925
7138
5901
6918
5105
7302
7233
7014
631
3619
4071
6324
115
6056
4712
7046
6926
6956
685
6745
4903
7002
184
5525
7029
1143
4055
3687
6302
6810
1503
163
1806
6679
5572
6639
387
5908
676
6907
616
1673
630
6874
129
151
149
103
6909
4446
6703
6997
145
3585
373
2858
2736
5355
1720
419
3987
1507
5386
7039
7180
3875
116
4541
6994
5029
6255
5412
4478
6017
5732
2366
5217
147
5263
587
4529
4568
6999
6061
1470
6540
2365
5745
1504
2841
1472
6221
7043
4738
4811
6156
2735
6962
2659
1926
6016
7321
6739
6304
6146
5910
6135
6695
6698
5861
188
1965
193
7323
4561
4684
7110
3327
6462
5552
6470
6453
503
4577
3453
7206
5236
2879
130
5929
6085
161
6383
6222
1494
6860
6927
4633
5643
2552
4995
7001
6485
3542
1726
4578
183
6727
4603
498
6106
7238
5555
6781
2409
4557
1475
7142
636
3514
1476
5725
7173
7268
7234
1051
7139
5994
5687
187
7291
6669
2360
5011
704
1492
7290
5728
1971
6094
5098
3880
1412
497
563
6058
2556
6147
5040
3748
421
194
6212
6018
1035
7332
2126
6722
6728
6069
2020
5838
1654
680
3531
5877
3323
5251
1923
1462
3927
5450
1924
4363
1034
5667
7324
179
6644
686
1369
7300
6667
4146
7080
1825
4094
6654
3766
529
5385
3146
6463
3847
5923
5992
4731
3540
1960
1959
6569
6297
6228
4757
7273
5860
4486
4670
6670
6344
4389
5286
5376
4743
7044
3118
3500
1335
5350
7083
5946
3330
2100
6081
6675
7015
753
1588
6162
6726
6059
2010
182
6055
6199
4310
7297
192
633
6643
6930
5964
3341
6813
2414
594
104
185
6656
3420
615
1488
590
7145
6645
627
6791
7177
5777
2018
6195
3206
1418
4523
5968
649
5094
6307
1117
1968
2783
7033
1409
2585
666
126
7117
7118
6704
7031
689
1780
6720
4838
1163
5809
5655
3257
4602
6062
2484
6736
707
3708
674
7032
4925
1491
3577
4360
6908
3884
128
2815
420
5640
191
2055
754
2639
120
3628
7161
3110
3718
495
7280
6174
2287
6802
6040
1071
494
5617
6828
3119
4424
3238
1482
150
7342
1193
7136
1609
7133
3214
7115
6823
5540
6248
7114
638
4392
1106
681
4881
932
1478
1674
6995
5391
5061
6389
700
752
1479
1915
3091
3190
3948
5859
5399
1536
4265
1887
4007
7204
1702
6281
4021
1898
6510
1066
5770
1030
5502
1597
702
5284
1520
6891
7035
4244
697
417
5610
4112
5854
1038
1741
1031
5235
180
2341
5060
2410
6786
7175
703
600
7285
7022
1461
6662
6782
318
1398
122
825
493
7329
4597
7140
1387
6787
6717
7174
5537
683
4084
7276
1458
7193
1506
7146
701
708
1460
1735
6092
6814
2427
6906
1519
178
1608
1042
730
6825
1828
6604
598
5338
2890
695
1805
5927
7331
6888
3780
5254
4740
1955
705
3979
4538
1259
2953
7128
6087
2449
6697
731
632
1399
124
4460
4049
591
1936
668
6881
1459
162
7305
172
3854
614
1521
1483
7172
2842
4267
4513
1485
1453
991
1032
123
2755
5312
1486
125
4394
3721
7127
738
3974
7186
6899
6893
6883
2337
7274
176
1134
7122
5562
6710
713
7188
3706
1406
586
931
6083
1822
1512
6468
6479
4371
2642
648
7283
4155
6271
6465
6261
7148
710
4516
739
7265
423
2546
4608
2845
709
7163
7184
3601
3445
6699
3547
2189
3184
4621
1894
729
6829
4924
1416
5323
5082
4980
742
5433
6112
396
613
1414
7125
5395
7282
7159
1589
117
1438
1767
3765
3523
1663
728
5590
4785
7124
4604
6818
4369
2805
105
3924
1889
5253
1037
6489
1183
4627
2184
1575
3988
3956
399
7126
1909
706
2742
4286
1948
5571
4828
6467
3958
4524
175
3771
1671
7149
687
1400
2740
6837
6673
7237
1182
6051
7326
177
634
6630
1853
5930
7272
6084
5294
6904
6831
3960
6652
1587
3969
6723
6719
1191
121
7144
2176
2425
7182
2515
2058
2747
6091
928
6066
3022
5062
4768
3376
6721
4142
7281
693
3504
1516
4024
6119
944
635
6788
3968
5110
160
5605
152
5207
667
4631
2163
6142
1555
1194
1976
7195
1583
5806
4829
1235
4030
3918
1582
1383
6469
1232
699
7288
698
7171
422
5937
7205
5421
716
5466
3267
3664
3782
5677
1040
1576
154
1028
6805
5057
711
6650
751
1234
599
7168
4871
6407
6157
2920
119
5189
6711
1045
5203
2866
6293
819
4491
2329
2480
3552
2493
744
1522
143
740
601
1510
7135
1355
7271
747
1212
6076
411
171
7166
6834
1816
952
3056
1954
2505
3024
1537
1363
6141
6880
2251
1513
896
1554
987
5280
7210
743
4206
4251
1629
6602
7073
822
1457
6073
173
617
3284
6830
6882
1732
1233
7209
1879
3364
6499
6713
4410
6488
2684
4355
963
1802
1559
2916
3537
6096
4070
4141
6756
7236
5369
5956
4938
6193
1803
2661
712
6690
6078
3575
610
2112
1451
943
1395
155
1935
6455
6115
1850
3102
7093
585
3768
2073
7202
3405
1309
2517
5049
3595
6789
6366
3076
1534
153
6502
2107
1526
6250
5024
6886
490
595
612
6592
6548
6590
609
6099
986
5646
7131
157
5131
3339
6609
7165
3006
6776
2851
6434
6668
4340
951
629
1539
5843
4751
7333
1514
746
6795
6145
6048
1190
3446
7337
694
159
720
7211
715
589
588
6074
4801
6803
1650
7200
688
6582
2371
6116
5801
977
7160
5250
7189
1039
750
3498
4150
2469
2919
1817
2068
984
541
1572
665
592
1590
4131
1540
1596
369
1578
1566
745
3758
7240
735
1518
3627
6839
6707
1541
7056
7057
7216
1189
3906
6709
1585
741
4082
6393
1593
1192
6647
1230
6102
6913
7088
5166
6792
2806
5500
3985
661
691
1481
5856
6646
6612
7250
593
3249
3171
690
7187
7235
714
1231
1353
1584
1490
7339
7185
1586
401
4782
696
1336
156
2516
1557
3996
2775
1553
1286
6529
7153
663
3013
4915
1524
5122
7190
6491
4078
5652
6551
6614
7059
5912
4729
1509
6845
1020
416
2158
725
6914
6714
158
174
7156
1456
7167
7183
1945
1641
7197
1258
1257
1733
1044
835
3132
7334
427
5389
4760
4987
7229
5895
1111
719
4240
6816
737
726
6104
6232
5244
1598
6108
3548
5118
4739
6013
5583
2439
3582
7214
945
418
7158
2853
640
733
894
1517
821
1455
6390
4412
718
7225
1573
1523
7241
1574
7132
1570
1530
4552
1515
7267
1579
1528
5822
902
1544
7335
6897
3413
2013
1135
7152
597
2943
7227
7169
7121
1370
1127
642
6838
6811
2602
1563
1600
6110
6129
6101
643
4726
6708
2813
1532
1565
6873
1558
1568
1648
425
658
2828
647
692
2538
1388
3111
1511
7164
7215
6521
736
6807
7275
1556
1529
619
2706
6809
1581
201
4093
1527
1543
6875
6801
6911
659
2758
7212
7224
7269
5106
400
722
1545
584
7231
749
644
664
2264
646
6290
7170
2889
732
4949
489
2644
1026
4668
3777
488
3964
2679
641
2092
2571
7218
2981
607
1535
203
1838
5480
6900
6139
1188
2302
2292
199
368
5298
1560
7226
4848
628
1911
2462
2958
2580
6179
1569
3915
3084
542
1580
1473
6425
727
2902
618
4641
4320
1025
1027
4607
3178
502
1562
654
6841
918
6606
734
7230
1229
1551
6844
7245
837
4291
3276
626
2084
415
409
6561
2195
2513
3300
3724
724
3125
1254
7120
723
3476
4100
1432
6111
2031
5933
2751
655
3982
352
1533
2545
4900
402
4407
5974
4710
1508
3038
3064
1444
7221
827
788
412
6804
7327
7062
407
662
1119
6235
3255
7222
1443
1248
6097
1435
1391
1255
1256
7242
901
2650
4897
6095
1454
4911
6815
1003
4017
2734
6364
6863
4869
4445
796
1552
202
582
6854
657
1547
6660
1082
6206
7155
3287
1571
5813
3824
2090
1351
6847
1429
1599
6878
2106
7247
4683
2532
5982
366
620
1107
650
4322
200
367
1427
7100
1390
1546
5733
455
5034
583
6725
7232
1019
1021
408
487
484
1447
477
485
472
209
6054
5196
2396
363
2151
543
1396
1352
3443
836
1769
6676
1350
1754
623
625
6577
652
219
217
353
1927
5063
1549
5627
2076
3000
486
4427
471
5462
656
4528
1450
1243
992
994
354
513
6843
358
1252
2293
2710
1548
6850
1200
4467
351
4736
1289
218
2576
3543
7217
624
2911
5231
1168
362
6280
2441
4986
4475
6295
3107
4222
3471
6439
5985
3374
995
4337
7103
1250
1251
3800
1550
6192
800
7220
823
947
4996
581
4551
1118
6216
6523
6113
1320
3729
5124
5075
1452
1430
3406
1348
893
5037
3266
404
1394
660
3806
1081
1425
7292
7352
2316
4237
211
5905
4450
1201
3933
4977
365
1423
7116
860
1217
3876
5418
6149
4020
3081
6866
3394
5239
4681
7077
6211
1607
1938
1449
721
6872
6063
5147
839
198
216
350
364
2182
2523
820
2904
1913
7261
1306
3393
6399
1386
4001
828
6370
212
454
579
1267
2288
621
622
1245
1016
5630
6579
7249
3885
215
244
596
5181
360
1401
355
234
1349
838
6518
473
678
476
465
6172
6181
468
1883
3336
453
1377
1166
1436
1047
1389
832
1538
6857
3009
7251
6161
6975
6153
2669
4875
479
469
2746
948
1319
1426
1631
1236
950
834
6294
1249
1441
2201
349
3591
1215
3069
1246
5909
7253
223
1169
1392
3469
4276
6903
6864
1380
3162
6868
5862
1216
2623
1385
213
1428
6932
1647
1785
1242
6858
4132
451
474
1795
470
4444
3647
4850
361
4800
898
1079
1294
6777
4047
578
4106
6865
1325
1439
6876
1220
6150
1393
6877
2563
6277
1417
1378
224
748
1218
810
808
5811
1410
1209
979
1078
4233
4158
5875
1263
998
895
5314
6267
801
329
3558
356
6855
1624
829
577
1102
792
797
4992
1446
7252
4927
2823
5429
2248
1077
1018
812
1017
235
225
4295
1397
831
811
2660
221
4787
833
7257
1990
3233
5821
6871
456
1359
6536
6464
1411
4648
6253
2625
236
6852
771
2712
3381
6474
222
458
1228
5520
3360
1422
1791
2847
1433
6002
1402
1203
2587
2936
6861
4711
1958
4488
1281
3597
1756
7000
798
1316
6990
1448
1382
1783
6879
2468
467
5233
6869
452
3623
1424
1619
1274
4098
2714
799
3189
1086
466
2599
3866
483
2643
1322
6648
226
1403
5892
1227
1128
5799
208
227
1728
7259
2354
6848
5021
1266
478
6968
4269
964
4803
5955
840
953
1164
795
2404
357
5686
1977
491
5387
5713
238
793
1213
2961
1323
841
965
1310
966
830
1421
6065
1437
5225
1005
359
1129
4172
1595
1317
1708
1347
651
2703
572
805
1196
1244
7254
807
5377
4945
1420
1404
2762
5291
5264
844
6939
1184
1197
1207
1419
6454
3472
1076
946
1326
1405
6742
1204
6173
1413
210
813
4187
1165
1718
460
1208
2737
4770
5101
5695
436
428
571
6386
540
5550
3031
2725
228
869
376
770
7360
576
1315
1014
2261
335
7034
348
915
3516
1415
4325
5769
5567
1073
957
480
3161
1085
768
767
1125
7040
338
3919
459
5017
755
5868
2109
4612
6317
2382
7198
6086
6079
960
3195
5790
1011
1013
1015
1407
1314
4333
5783
2830
1226
1381
5899
761
955
5634
3763
207
1237
5229
4958
817
6790
1331
849
1332
462
482
463
1299
1214
843
920
6447
1313
1225
5564
1224
1324
1179
917
1222
337
6088
1084
1272
1089
1361
7075
2628
3693
346
7017
1206
2675
6778
815
1268
5495
6039
2358
3357
2534
1334
2744
1130
2384
1178
1210
3432
2698
858
434
941
2110
1199
6541
1167
5320
1170
818
1431
3429
2607
237
3513
242
2364
256
246
1318
2190
961
3260
1333
1484
1186
1091
1072
5308
1202
1064
1346
1004
6552
929
336
6591
5172
1116
978
5661
220
2804
1358
2829
1151
6336
3307
1376
345
570
5513
1766
575
816
760
5812
4898
2683
769
1123
1126
1328
1921
826
1345
1297
1070
7213
1897
1290
842
1876
1088
958
1108
4278
1008
1120
5900
4057
6138
5602
1180
1223
3733
1087
1007
1010
347
6867
5322
3470
5329
1493
1144
1095
3667
3909
962
1525
970
806
1384
2027
5315
1162
539
2120
457
790
214
3384
848
7137
954
4686
1998
976
967
1205
243
3554
996
2535
5104
2917
763
1292
1692
3659
1160
5819
1090
3294
339
5400
804
803
1724
4339
4192
5839
845
2378
1061
5864
993
2979
2862
6822
1284
340
2975
1132
789
787
3644
786
942
6123
1172
1171
1195
1330
1278
3222
1101
1305
1181
997
4500
1069
1273
983
6354
968
7009
4723
870
206
1296
5707
7037
3621
233
343
4671
5271
1279
855
1154
2554
5834
2937
2797
6305
4590
2574
1375
5885
3587
2627
2268
5296
1287
6236
6696
3421
6367
1362
1303
5607
4455
1308
3210
4724
907
2969
1124
1097
1068
5573
6832
1136
863
1100
1056
1907
344
1093
1468
1041
1304
4655
1067
794
3502
574
7325
3075
1285
573
1301
1344
6008
1138
1055
949
956
852
241
1062
1140
824
6632
461
537
927
3669
980
971
4345
4484
5163
3491
6672
449
446
445
447
1059
1221
3545
981
4211
1302
1161
1307
975
249
6775
2430
1006
1009
1442
6821
2418
1364
1150
1187
1096
974
232
1276
1886
1063
1173
1896
784
785
774
6542
1295
5475
7203
3719
328
2192
802
1496
6349
959
240
384
2984
1300
1280
937
1146
864
853
6593
1105
1253
2072
867
1371
1065
1054
4076
857
4649
2152
914
5193
6486
1464
1139
3845
1760
1269
1282
2509
1950
919
6412
1156
775
926
764
1152
773
1758
6461
913
1104
4862
334
2363
905
3614
4164
1121
1293
2265
940
3236
856
6574
2395
342
969
326
1901
2547
1270
257
1099
2825
6620
6922
3489
5625
4344
766
1131
247
1329
1092
7042
2537
1373
1327
7207
250
868
341
912
6940
3744
5414
865
2753
5171
6340
4437
897
6884
5965
3750
2566
1357
6075
1366
3036
3043
1057
2160
4031
1685
4050
3697
6432
6603
939
5478
1112
972
3344
6800
562
1149
3894
1159
3873
1094
1060
1851
1342
248
4560
1368
1372
3636
1408
324
1312
7350
925
3946
871
251
3853
1982
1133
1271
1632
1261
6849
260
1113
1153
1114
2377
973
933
4253
1141
982
653
6998
7277
1561
1103
3271
2301
906
1262
564
1177
4218
3447
758
1158
4534
6284
450
4378
859
3762
772
3019
7011
7101
444
6287
435
5772
866
779
1864
2041
6740
1147
861
1098
1155
4101
1265
911
1110
327
851
2733
259
936
1109
5628
441
3573
3501
1058
930
814
4974
2925
6350
938
4749
3691
322
255
568
921
1145
6394
904
2241
765
3361
1264
1501
5907
567
3483
323
5493
1185
1340
1656
4860
308
6746
3037
3051
1311
569
862
252
1142
1176
261
6167
2256
1260
321
205
239
548
6313
4873
2690
1001
561
5698
3411
1046
5526
4659
783
5545
1012
3424
448
3232
757
1122
780
1148
892
6826
230
777
889
782
2865
910
4775
549
3805
6936
3346
1341
1969
4207
4556
778
1174
442
5093
437
1778
3661
924
231
258
2350
333
301
6482
909
2709
1338
6431
6481
999
4037
2253
2356
565
325
1356
253
320
5096
263
1339
317
5611
1542
5223
309
1247
2989
3157
319
2467
1291
4786
6967
3598
891
1219
1000
312
888
1463
3815
310
559
204
332
443
5619
890
5988
440
2836
922
1275
254
262
302
547
3887
7308
1625
6655
1471
314
546
7162
3821
1613
3905
245
560
556
413
4932
3551
300
3072
900
873
2321
554
887
6014
883
3319
6862
4414
307
3400
316
5582
877
313
438
439
306
551
299
5981
3004
874
545
304
3840
315
886
762
555
286
6117
281
284
876
1749
291
2407
294
283
872
2766
6035
884
296
1487
1995
331
3899
269
882
1198
3427
297
282
1872
875
305
5936
1843
879
878
1002
557
558
881
4046
2278
880
1239
295
431
580
2888
854
2213
1115
2334
330
550
544
406
5751
271
1892
270
2930
2809
5717
1743
4127
293
499
7347
285
6565
287
273
298
4409
279
292
275
288
280
553
290
2198
378
566
268
1707
552
265
2346
6057
5015
289
4563
276
267
4748
5435
278
639
3094
3083
264
885
4350
5090
266
6692
277
6758
274
