[1]
[2]
[3]
[4]
[5]
[6]
[7]
[8]
[9]
[10]
[11]
[5, 7]
[6, 6]
[14]
[2, 6]
[3, 5]
[5, 3]
[5, 5]
[3, 7]
[5, 4]
[3, 7]
[5, 5]
[2, 7]
[4, 6]
[5, 5]
[7, 7]
[5, 5]
[28]
[5, 5]
[4, 4]
[2, 7]
[3, 3]
[3, 3]
[3, 6]
[5, 5]
[36]
[4, 2]
[7, 7]
[5, 2]
[3, 2]
[5, 2]
[3, 7]
[5, 5]
[7, 5]
[8, 7]
[2, 2]
[55, 7]
[48]
[2, 3]
[2, 5]
[5, 6]
[3, 3]
[3, 4]
[7, 4]
[55]
[2, 2]
[3, 3]
[5, 8]
[59]
[60]
[-1, 87]
[3, 4]
[3, 3]
[5, 3]
[7, 7]
[4, 5]
[67]
[5, 8]
[2, 5]
[3, 8]
[5, 2]
[1, 7]
[73]
[2, 3]
[4, 3]
[-1, -16]
[77]
[2, 2]
[4, 5]
[7, 7]
[6, 7]
[2, 3]
[5, 6]
[7, 4]
[7, 7]
[1, 6]
[87]
[3, 2]
[5, 6]
[7, 5, 5]
[1, 7]
[5, 5, 5, 5]
[-7, -7]
[4, 2]
[4, 7]
[-7, -7]
[7, 7]
[98]
[2, 5]
[5, 3]
[2, 7]
[6, 7]
[103]
[5, 4]
[2, 1]
[4, 2]
[7, 7]
[2, 7]
[4, 4]
[8, 2]
[7, 4]
[2, 7]
[7, 7]
[-8, -8]
[2, 2]
[-3, -3]
[-14, -14]
[2, 8]
[1, 3]
[5, 6]
[121]
[1, 5]
[2, 3]
[124]
[125]
[2, 2]
[1, 7]
[6, 3]
[7, 7]
[2, 2]
[6, 2]
[1, 4]
[5, 60]
[1, 3]
[2, 6]
[136]
[1, 3]
[8, 8]
[8, 6]
[2, 2]
[1, 5]
[8, 4]
[2, 4]
[4, 2]
[2, 4]
[87, -3]
[1, 4]
[-1, 98]
[5, 5, 2, 5]
[2, 2]
[1, 8]
[6, 7]
[6, 5, 5]
[4, 2]
[155]
[2, 2]
[2, 2]
[2, 2]
[2, 7, 5]
[1, 1]
[2, 6]
[1, 2]
[6, 2]
[4, 6]
[5, 3, 5]
[6, 4]
[5, 67]
[4, 4]
[4, 4]
[2, 4]
[1, 2]
[2, 2]
[2, 4]
[174]
[175]
[2, 5, 2, 5]
[1, 1]
[2, 6]
[6, 6]
[1, 7]
[4, 4]
[1, 2]
[5, 2]
[1, 6]
[1, 2]
[60, 1]
[-10, -10]
[6, 6]
[2, 4]
[-9, -9]
[1, 6]
[60, 2]
[2, 2]
[4, 6]
[1, 4]
[1, 4]
[5, 5, 6, 5]
[198]
[199]
[36, 5]
[2, 2]
[6, 6]
[5, 5, 2, 2]
[1, 1]
[-10, -11]
[2, 7]
[73, 5]
[2, 2]
[67, 2]
[2, 6]
[2, 2, 7]
[87, -2, -3]
[2, 2, 5, 2]
[67, 1]
[5, 73]
[67, 3]
[-11, -11]
[67, 3]
[-10, -9]
[-6, -6]
[-10, -10]
[60, 6]
[1, 1]
[224]
[36, 3]
[36, 2]
[5, 5, 2, 6]
[67, 6]
[36, 3]
[1, 2]
[3, 73]
[2, 73]
[-3, -7, -10]
[234]
[-3, -7, -11]
[36, 1]
[2, 73]
[36, 2]
[73, 3]
[1, 73]
[5, 5, 6, 6]
[6, 73]
[36, 6]
[4, 67]
[67, 4]
[67, 2]
[2, 2, 2, 2]
[48, 5]
[2, 2]
[8, 36]
[4, 73]
[36, 4]
[2, 36]
[36, 4]
[2, 73]
[256]
[36, 6]
[67, 2]
[259]
[4, 36]
[1, 36]
[262]
[-10, -7, -3]
[73, 2]
[36, 4]
[1, 60]
[67, 5]
[6, 67]
[2, 48]
[36, 5]
[5, 121]
[67, 1]
[2, 36]
[6, 36]
[1, 67]
[2, 67]
[73, 1]
[2, 60]
[7, 7]
[1, 1]
[2, 36]
[67, 2]
[-10, -10]
[121, 2]
[285]
[6, 48]
[2, 73]
[2, 67]
[121, 6]
[48, 1]
[121, 1]
[1, 36]
[2, 67]
[121, 2]
[5, 36]
[5, 67]
[2, 36]
[48, 2]
[2, 36]
[-6, -6]
[121, 5]
[5, 48]
[-7, -6]
[-7, -7]
[-10, -10]
